timestamp,accel_x,accel_y,accel_z,gyro_x,gyro_y,gyro_z
0,24,-1928,-640,-36,65,4
5,32,-1960,-632,-38,63,5
10,64,-1968,-640,-38,62,6
15,80,-1992,-664,-35,60,8
20,40,-1952,-656,-33,60,8
25,72,-1968,-648,-34,58,7
30,40,-1976,-640,-34,58,7
35,40,-1952,-672,-35,57,7
40,48,-1968,-632,-37,57,6
45,24,-1952,-640,-38,58,5
50,56,-1952,-616,-37,59,4
55,40,-1968,-624,-36,62,5
60,56,-1952,-656,-35,64,6
65,48,-1968,-624,-36,66,6
70,56,-1976,-640,-36,68,5
75,64,-1928,-664,-34,71,6
80,48,-1984,-640,-33,71,5
85,64,-1960,-648,-30,71,4
90,56,-1976,-656,-31,70,2
95,56,-1968,-648,-31,68,2
100,64,-1976,-648,-33,66,1
105,40,-1968,-656,-35,65,2
110,64,-1960,-632,-38,64,2
115,64,-1960,-664,-42,61,1
120,32,-1976,-664,-45,60,2
125,40,-1960,-656,-48,60,2
130,40,-1960,-664,-51,59,5
135,48,-1960,-656,-54,61,4
140,72,-1968,-664,-54,62,2
145,40,-1976,-640,-54,64,3
150,40,-1984,-632,-51,64,4
155,48,-1968,-648,-49,64,5
160,64,-1976,-648,-47,67,3
165,40,-1968,-656,-45,69,6
170,48,-1984,-640,-45,72,6
175,48,-1968,-672,-48,73,6
180,40,-1984,-632,-50,73,6
185,32,-1960,-656,-50,72,6
190,56,-1968,-640,-51,71,6
195,56,-1976,-648,-51,68,5
200,56,-1976,-640,-51,67,4
205,48,-1968,-632,-51,65,4
210,48,-1976,-632,-51,66,3
215,48,-1968,-656,-48,66,2
220,48,-1984,-632,-48,66,2
225,56,-1984,-624,-46,66,4
230,72,-1976,-616,-46,66,1
235,32,-1968,-656,-47,65,1
240,48,-1952,-664,-50,66,1
245,56,-1976,-680,-54,66,0
250,48,-1952,-688,-54,67,1
255,48,-1960,-672,-56,65,3
260,32,-1976,-664,-55,68,3
265,40,-1968,-656,-53,68,2
270,24,-1968,-664,-52,69,3
275,32,-1968,-672,-50,69,4
280,24,-1960,-672,-47,69,3
285,32,-1968,-656,-49,69,5
290,40,-1960,-664,-51,67,6
295,72,-1984,-624,-54,65,5
300,24,-1968,-672,-57,65,6
305,24,-1976,-672,-58,63,6
310,24,-1984,-640,-55,62,6
315,8,-1976,-672,-51,61,6
320,24,-1976,-648,-46,60,5
325,40,-1968,-656,-42,61,4
330,32,-1976,-656,-41,58,4
335,24,-1952,-672,-42,57,4
340,32,-1952,-656,-45,57,4
345,40,-1960,-672,-48,57,5
350,32,-1952,-680,-49,57,3
355,56,-1976,-672,-50,57,3
360,32,-1944,-672,-50,56,3
365,40,-1960,-688,-50,56,2
370,8,-1968,-640,-51,56,2
375,40,-1976,-680,-49,55,2
380,24,-1952,-680,-47,53,1
385,56,-1952,-672,-46,53,3
390,24,-1968,-656,-45,53,2
395,16,-1944,-664,-46,55,3
400,32,-1936,-648,-49,56,3
405,32,-1960,-656,-50,56,3
410,24,-1960,-648,-48,56,4
415,16,-1952,-656,-46,56,4
420,48,-1960,-656,-47,56,3
425,40,-1976,-656,-47,53,3
430,56,-1984,-672,-47,53,5
435,56,-1968,-696,-47,54,4
440,64,-1984,-664,-47,56,4
445,32,-1944,-656,-46,58,3
450,32,-1976,-688,-47,57,3
455,40,-1976,-680,-47,55,4
460,64,-1872,-744,-49,53,2
465,32,-1976,-664,-47,53,2
470,32,-1968,-680,-46,53,2
475,0,-1960,-680,-45,53,3
480,16,-1976,-672,-43,52,2
485,32,-1944,-696,-41,51,2
490,24,-1960,-672,-40,54,2
495,24,-1952,-672,-43,54,2
500,40,-1960,-696,-46,54,1
505,32,-1960,-680,-47,56,1
510,24,-1976,-680,-45,57,1
515,64,-2008,-656,-43,54,0
520,24,-1960,-680,-40,53,-1
525,32,-1960,-656,-37,53,-1
530,40,-1968,-680,-33,55,0
535,32,-1968,-672,-29,54,0
540,56,-1968,-672,-27,56,-1
545,16,-1944,-672,-26,57,1
550,24,-1944,-672,-27,56,1
555,32,-1952,-680,-29,56,2
560,32,-1944,-672,-30,54,3
565,56,-1960,-672,-29,55,3
570,24,-1960,-680,-28,53,3
575,48,-1960,-672,-26,54,0
580,56,-1968,-664,-23,54,1
585,24,-1976,-672,-22,54,1
590,32,-1976,-672,-20,55,1
595,24,-1952,-672,-22,56,1
600,16,-1936,-680,-22,59,1
605,48,-1976,-704,-22,57,0
610,32,-1960,-672,-21,59,0
615,24,-1952,-680,-20,60,0
620,16,-1968,-656,-18,61,2
625,32,-1960,-672,-18,61,1
630,48,-1960,-680,-19,61,-1
635,56,-1976,-656,-19,62,-1
640,24,-1984,-696,-19,63,0
645,16,-1960,-656,-17,65,-1
650,32,-1944,-672,-16,64,0
655,24,-1952,-664,-16,64,0
660,16,-1952,-664,-14,62,-2
665,40,-1960,-672,-12,63,-3
670,16,-1968,-672,-12,65,-2
675,48,-1960,-696,-11,67,-4
680,16,-1960,-680,-12,68,-3
685,40,-1968,-688,-13,69,-2
690,40,-1960,-672,-15,67,-3
695,40,-1960,-664,-14,68,-4
700,40,-1952,-688,-12,68,-5
705,56,-1976,-664,-11,68,-3
710,32,-1960,-664,-10,69,-1
715,40,-1968,-664,-8,67,-3
720,8,-1976,-664,-9,68,-2
725,24,-1960,-640,-11,70,-3
730,32,-1968,-672,-12,72,-1
735,32,-1952,-648,-13,74,-1
740,32,-1944,-648,-13,74,-1
745,56,-1984,-696,-13,76,-2
750,40,-1960,-696,-11,75,-2
755,40,-1968,-656,-10,74,-1
760,16,-1968,-688,-8,74,-1
765,16,-1960,-688,-8,72,-2
770,8,-1968,-680,-4,70,-1
775,32,-1944,-672,-2,70,-1
780,40,-1968,-664,2,70,-1
785,40,-1960,-664,3,70,-1
790,16,-1944,-664,4,72,-2
795,48,-1960,-664,5,73,-2
800,32,-1968,-664,5,73,-4
805,0,-1960,-656,4,73,-5
810,8,-1952,-648,5,74,-4
815,32,-1968,-656,3,73,-2
820,40,-1960,-672,-1,74,-3
825,48,-1968,-656,-3,74,-3
830,56,-1968,-664,-6,74,-2
835,24,-1960,-664,-5,74,-3
840,24,-1976,-664,-3,72,-2
845,16,-1984,-672,2,72,-4
850,8,-1960,-672,6,71,-3
855,32,-1968,-672,9,70,-2
860,40,-1976,-656,10,71,-1
865,24,-1968,-664,9,72,2
870,32,-1952,-672,7,72,2
875,40,-1968,-672,7,73,1
880,16,-1952,-672,5,74,2
885,24,-1984,-648,4,73,1
890,48,-1968,-664,4,74,1
895,32,-1952,-664,4,74,1
900,16,-1960,-656,4,75,0
905,24,-1960,-664,6,77,2
910,8,-1960,-672,8,74,1
915,56,-1984,-664,9,76,1
920,40,-1976,-672,10,73,2
925,16,-1968,-672,11,72,1
930,24,-1976,-672,10,69,0
935,24,-1952,-680,12,66,-1
940,40,-1968,-664,12,66,-2
945,32,-1960,-704,14,66,-2
950,-8,-1968,-680,15,66,-3
955,16,-1976,-696,18,65,-4
960,24,-1952,-672,18,65,-5
965,32,-1960,-672,19,64,-5
970,24,-1976,-680,20,67,-4
975,16,-1952,-672,18,68,-4
980,24,-1968,-680,17,68,-2
985,16,-1952,-672,16,68,-5
990,8,-1960,-672,15,69,-4
995,40,-1968,-680,16,67,-3
1000,24,-1944,-664,18,67,-3
1005,40,-1976,-672,20,68,-3
1010,24,-1952,-680,22,66,-3
1015,24,-1952,-672,22,65,-5
1020,24,-1952,-664,23,63,-5
1025,32,-1952,-688,23,61,-5
1030,24,-1920,-664,24,61,-5
1035,16,-1952,-664,21,59,-6
1040,16,-1952,-664,19,58,-6
1045,32,-1952,-664,17,57,-7
1050,40,-1968,-656,18,58,-6
1055,40,-1912,-608,17,60,-6
1060,56,-1960,-672,21,62,-6
1065,16,-1968,-664,20,62,-7
1070,24,-1936,-672,21,63,-7
1075,32,-1944,-672,19,64,-8
1080,32,-1952,-640,14,64,-7
1085,32,-1960,-664,10,64,-6
1090,56,-1960,-624,7,64,-6
1095,24,-1976,-656,6,62,-7
1100,32,-1976,-672,10,63,-6
1105,32,-1960,-680,13,62,-6
1110,56,-1976,-672,18,62,-5
1115,16,-1976,-656,19,63,-4
1120,32,-1968,-656,21,64,-4
1125,24,-1968,-640,19,64,-4
1130,32,-1976,-648,18,64,-5
1135,24,-1952,-656,17,66,-5
1140,40,-1968,-680,15,66,-7
1145,48,-1952,-672,15,66,-7
1150,64,-1960,-664,14,66,-8
1155,40,-1952,-680,14,66,-8
1160,16,-1944,-656,13,66,-10
1165,32,-1920,-648,10,66,-10
1170,32,-1952,-656,7,68,-10
1175,56,-1960,-648,6,69,-10
1180,40,-1968,-656,4,72,-9
1185,16,-1976,-672,6,73,-8
1190,32,-1984,-680,8,75,-6
1195,32,-1976,-664,10,77,-6
1200,48,-1992,-648,12,78,-7
1205,32,-1968,-656,12,78,-6
1210,40,-1976,-672,14,78,-4
1215,32,-1984,-640,15,77,-5
1220,24,-1968,-664,16,77,-5
1225,16,-1968,-640,14,76,-5
1230,32,-1960,-672,11,76,-5
1235,48,-1960,-648,7,74,-4
1240,24,-1968,-656,3,75,-3
1245,32,-1976,-624,2,76,-4
1250,24,-1984,-616,2,77,-5
1255,32,-1984,-640,1,76,-5
1260,32,-1984,-616,2,75,-4
1265,24,-1976,-632,4,73,-3
1270,32,-1984,-688,5,73,-3
1275,24,-1960,-680,6,70,-2
1280,16,-1968,-664,6,70,-2
1285,24,-1976,-632,6,68,-4
1290,40,-1968,-680,6,68,-4
1295,48,-1968,-632,6,68,-3
1300,32,-1960,-648,5,67,-2
1305,40,-1968,-640,5,67,-3
1310,32,-1976,-656,7,70,-2
1315,48,-1976,-648,8,73,-2
1320,16,-1976,-640,8,75,-1
1325,16,-1960,-648,11,75,-2
1330,32,-1944,-632,9,75,-2
1335,32,-1952,-648,7,73,-1
1340,40,-1976,-624,5,74,-3
1345,32,-1976,-632,5,74,-5
1350,24,-1976,-640,4,74,-4
1355,32,-1968,-656,4,74,-4
1360,64,-1992,-608,5,74,-4
1365,16,-1968,-648,5,75,-3
1370,24,-1976,-656,5,75,-3
1375,24,-1976,-624,4,74,-2
1380,32,-1984,-664,8,73,-4
1385,24,-1968,-616,8,72,-4
1390,48,-1976,-648,7,72,-4
1395,24,-1984,-640,7,71,-5
1400,24,-1944,-632,5,69,-3
1405,16,-1944,-632,3,69,-4
1410,40,-1968,-624,-2,67,-4
1415,32,-1976,-656,-6,65,-5
1420,32,-1960,-656,-7,66,-5
1425,32,-1960,-656,-4,67,-5
1430,32,-1960,-656,-4,65,-4
1435,56,-1976,-648,-5,68,-3
1440,16,-1976,-680,-2,68,-4
1445,16,-1976,-648,-2,68,-5
1450,16,-1960,-656,0,68,-4
1455,24,-1984,-656,2,68,-5
1460,32,-1984,-648,3,67,-6
1465,40,-1976,-616,4,66,-7
1470,48,-1976,-616,6,66,-6
1475,40,-1968,-608,10,67,-6
1480,24,-1984,-632,14,68,-6
1485,48,-1960,-632,16,66,-7
1490,40,-1976,-632,13,65,-7
1495,32,-1968,-632,10,65,-7
1500,24,-1960,-632,8,64,-9
1505,48,-1968,-632,5,65,-9
1510,24,-1968,-640,3,66,-8
1515,8,-1952,-640,3,66,-7
1520,32,-1976,-632,3,67,-8
1525,32,-1968,-648,3,66,-8
1530,24,-1960,-632,1,67,-9
1535,40,-1984,-624,-2,65,-10
1540,24,-1968,-624,-5,63,-9
1545,16,-1952,-640,-8,62,-10
1550,24,-1976,-632,-10,61,-10
1555,40,-1984,-632,-9,58,-10
1560,16,-1976,-640,-6,57,-8
1565,56,-1984,-656,-1,57,-8
1570,32,-1984,-624,5,56,-9
1575,56,-1976,-656,7,57,-8
1580,40,-1968,-656,8,59,-6
1585,40,-1992,-648,8,57,-7
1590,8,-1952,-648,9,58,-8
1595,32,-1960,-624,6,59,-8
1600,40,-1968,-592,1,60,-7
1605,40,-1960,-656,-1,60,-7
1610,40,-1984,-648,-2,63,-6
1615,48,-1976,-616,1,62,-7
1620,24,-1960,-616,4,63,-7
1625,48,-1976,-632,5,64,-9
1630,32,-1968,-632,6,64,-11
1635,48,-1968,-632,5,65,-10
1640,40,-1984,-624,2,66,-10
1645,48,-1976,-640,0,65,-10
1650,56,-1968,-664,-2,65,-10
1655,48,-1984,-632,-3,65,-12
1660,48,-1968,-648,-3,64,-13
1665,72,-1984,-640,-6,65,-13
1670,24,-1968,-608,-9,64,-12
1675,56,-1984,-608,-10,65,-12
1680,32,-1960,-656,-11,65,-11
1685,32,-1976,-616,-11,66,-10
1690,32,-1984,-624,-11,68,-9
1695,64,-1976,-640,-10,68,-9
1700,32,-1976,-640,-8,67,-8
1705,40,-1976,-656,-7,67,-6
1710,16,-1976,-632,-8,68,-6
1715,32,-1984,-672,-7,69,-5
1720,32,-1984,-648,-10,67,-4
1725,32,-1976,-664,-10,68,-6
1730,32,-1960,-600,-9,69,-4
1735,32,-1976,-624,-8,70,-6
1740,24,-1984,-632,-6,70,-8
1745,48,-1960,-600,-4,68,-10
1750,48,-1968,-648,-4,67,-10
1755,24,-1960,-632,-5,68,-8
1760,40,-1968,-616,-7,67,-7
1765,32,-1944,-624,-7,67,-7
1770,24,-1976,-624,-7,67,-7
1775,24,-1968,-640,-10,68,-7
1780,24,-1968,-640,-12,67,-6
1785,40,-1984,-656,-14,66,-8
1790,24,-1984,-624,-14,65,-7
1795,24,-1960,-672,-12,65,-8
1800,40,-1976,-616,-12,65,-7
1805,40,-1976,-632,-10,63,-8
1810,32,-1976,-624,-8,65,-7
1815,32,-1952,-608,-7,64,-7
1820,16,-1968,-672,-6,64,-7
1825,32,-1968,-672,-7,63,-7
1830,40,-1976,-648,-7,64,-7
1835,32,-1976,-632,-7,63,-8
1840,16,-1944,-616,-8,63,-7
1845,40,-1960,-648,-10,64,-8
1850,64,-1960,-640,-12,66,-8
1855,32,-1960,-640,-14,67,-9
1860,40,-1968,-656,-14,67,-9
1865,24,-1968,-640,-16,69,-7
1870,56,-1984,-624,-15,70,-7
1875,64,-1976,-632,-15,73,-7
1880,56,-2000,-640,-14,74,-7
1885,16,-1976,-656,-14,73,-7
1890,40,-1968,-616,-12,74,-7
1895,40,-1984,-648,-12,73,-8
1900,40,-1960,-648,-13,73,-8
1905,40,-1968,-640,-14,69,-8
1910,24,-2000,-648,-15,68,-9
1915,32,-1984,-632,-15,67,-9
1920,40,-1968,-632,-14,66,-8
1925,48,-1984,-656,-13,67,-7
1930,96,-1928,-688,-12,70,-9
1935,48,-1984,-616,-11,71,-7
1940,56,-1976,-624,-12,71,-7
1945,16,-1968,-600,-14,72,-7
1950,48,-1960,-648,-14,72,-8
1955,32,-1968,-616,-15,71,-6
1960,40,-1968,-648,-15,71,-4
1965,32,-1976,-624,-17,71,-5
1970,40,-1976,-664,-20,70,-5
1975,32,-1984,-648,-24,69,-7
1980,32,-1968,-640,-25,68,-6
1985,16,-1960,-640,-27,67,-7
1990,16,-1960,-648,-26,68,-8
1995,48,-1984,-648,-23,67,-7
2000,24,-1976,-616,-18,65,-9
2005,32,-1960,-640,-15,65,-9
2010,40,-1984,-632,-14,65,-9
2015,32,-1968,-632,-14,63,-10
2020,16,-1976,-648,-15,63,-10
2025,32,-1984,-632,-15,63,-10
2030,32,-1976,-608,-15,61,-10
2035,24,-1968,-656,-16,62,-9
2040,40,-1976,-656,-18,60,-9
2045,40,-1976,-656,-22,59,-8
2050,48,-1968,-648,-24,60,-9
2055,48,-1984,-640,-24,59,-8
2060,24,-1984,-648,-21,59,-7
2065,32,-1984,-632,-19,57,-7
2070,48,-1984,-624,-18,57,-6
2075,40,-1984,-656,-17,58,-7
2080,24,-1952,-656,-18,59,-7
2085,24,-1976,-656,-18,59,-8
2090,32,-1976,-648,-18,59,-7
2095,40,-1992,-640,-17,59,-6
2100,24,-1992,-648,-16,58,-7
2105,40,-1952,-656,-14,58,-7
2110,16,-1968,-672,-14,60,-7
2115,24,-1952,-640,-12,60,-7
2120,24,-1984,-656,-13,59,-7
2125,32,-1976,-632,-12,59,-7
2130,48,-1976,-616,-15,60,-7
2135,48,-1976,-608,-16,60,-6
2140,48,-1976,-608,-15,61,-6
2145,16,-1936,-704,-16,59,-6
2150,48,-1992,-632,-17,59,-5
2155,40,-1984,-648,-17,59,-4
2160,32,-1960,-640,-17,59,-3
2165,32,-1968,-656,-16,59,-4
2170,32,-1968,-656,-16,57,-1
2175,40,-1968,-640,-16,54,-2
2180,48,-1992,-640,-16,55,-1
2185,32,-1944,-656,-14,56,-2
2190,40,-1976,-648,-12,57,-2
2195,40,-1960,-640,-9,57,-4
2200,56,-1976,-648,-9,57,-4
2205,32,-1976,-648,-9,59,-5
2210,40,-1984,-648,-12,61,-5
2215,56,-1960,-656,-13,63,-6
2220,40,-1960,-600,-16,65,-6
2225,40,-1968,-632,-18,65,-6
2230,56,-1976,-632,-18,65,-7
2235,32,-1960,-648,-18,64,-8
2240,40,-1984,-656,-17,59,-8
2245,56,-1992,-648,-13,59,-8
2250,48,-1976,-640,-8,58,-8
2255,72,-1976,-648,-4,59,-6
2260,40,-1976,-640,-3,58,-7
2265,32,-1960,-664,-3,58,-6
2270,40,-1960,-656,-7,57,-7
2275,24,-1968,-656,-10,58,-7
2280,32,-1968,-640,-12,59,-8
2285,48,-1976,-648,-12,60,-7
2290,40,-1984,-648,-11,58,-8
2295,24,-1952,-656,-7,58,-9
2300,40,-1960,-672,-6,57,-9
2305,40,-1968,-656,-4,59,-9
2310,48,-1976,-648,-3,59,-8
2315,72,-1976,-648,-5,60,-7
2320,40,-1960,-648,-7,61,-7
2325,40,-1944,-632,-10,61,-7
2330,40,-1984,-640,-15,62,-6
2335,64,-1976,-624,-18,62,-7
2340,32,-1976,-624,-21,64,-5
2345,64,-2000,-624,-21,66,-6
2350,48,-1968,-648,-18,67,-8
2355,40,-1968,-616,-15,67,-8
2360,32,-1976,-600,-13,67,-10
2365,40,-1960,-640,-12,67,-8
2370,48,-1968,-616,-14,66,-9
2375,24,-1928,-640,-17,67,-10
2380,48,-1960,-624,-21,66,-11
2385,48,-1960,-632,-26,65,-9
2390,40,-1968,-616,-27,66,-10
2395,56,-1952,-656,-28,65,-10
2400,56,-1976,-632,-29,67,-10
2405,56,-1976,-656,-28,68,-9
2410,40,-1984,-632,-28,68,-9
2415,40,-1960,-664,-26,69,-8
2420,40,-1976,-664,-22,69,-9
2425,64,-1976,-656,-19,71,-8
2430,72,-1984,-656,-19,72,-8
2435,24,-1936,-672,-21,73,-5
2440,32,-1976,-672,-23,73,-6
2445,48,-1952,-664,-26,74,-6
2450,32,-1976,-640,-26,74,-5
2455,64,-1960,-664,-27,73,-6
2460,32,-1984,-648,-25,74,-6
2465,32,-1976,-672,-23,76,-7
2470,56,-1968,-640,-23,74,-8
2475,72,-1984,-600,-23,74,-8
2480,48,-1976,-616,-23,75,-7
2485,24,-1976,-632,-26,75,-8
2490,32,-1960,-648,-28,76,-8
2495,64,-1992,-632,-28,75,-8
2500,24,-1960,-640,-30,75,-9
2505,64,-1976,-680,-32,73,-7
2510,32,-1992,-632,-33,72,-7
2515,32,-1968,-664,-35,72,-5
2520,40,-1968,-648,-36,71,-4
2525,24,-2000,-640,-37,70,-4
2530,56,-1976,-632,-38,69,-4
2535,48,-1976,-632,-38,68,-3
2540,32,-1968,-640,-37,66,-2
2545,48,-1976,-616,-38,66,-2
2550,32,-1976,-664,-41,68,-2
2555,40,-1960,-624,-42,67,-2
2560,32,-1984,-648,-42,66,-2
2565,56,-1992,-656,-42,64,-2
2570,48,-1976,-640,-43,64,-2
2575,40,-1968,-640,-43,62,-2
2580,40,-1968,-648,-44,61,-2
2585,32,-1944,-640,-45,63,-4
2590,48,-1976,-656,-47,64,-3
2595,48,-1968,-632,-49,64,-2
2600,40,-1992,-648,-50,64,-2
2605,64,-1976,-640,-51,64,-2
2610,56,-1976,-656,-52,64,-4
2615,40,-1960,-648,-50,64,-3
2620,56,-1984,-648,-48,65,-4
2625,24,-1976,-648,-47,63,-4
2630,32,-1952,-656,-46,62,-4
2635,40,-1968,-656,-47,62,-5
2640,24,-1968,-672,-48,63,-5
2645,40,-1976,-656,-49,62,-5
2650,24,-1976,-656,-49,62,-4
2655,24,-1952,-656,-48,63,-4
2660,32,-1976,-656,-47,62,-4
2665,64,-1984,-664,-49,61,-5
2670,40,-1960,-640,-49,60,-5
2675,64,-1976,-640,-50,62,-6
2680,48,-1968,-664,-49,60,-5
2685,48,-1976,-648,-50,60,-5
2690,8,-2016,-648,-50,60,-4
2695,48,-1976,-640,-49,60,-4
2700,32,-1960,-680,-48,61,-5
2705,32,-1960,-672,-48,59,-6
2710,40,-1968,-672,-49,60,-6
2715,40,-1960,-664,-52,60,-7
2720,40,-1952,-664,-55,61,-8
2725,32,-1960,-656,-56,63,-7
2730,64,-1976,-640,-57,65,-6
2735,40,-1968,-664,-57,64,-6
2740,24,-1960,-656,-57,64,-6
2745,32,-1968,-648,-56,64,-7
2750,40,-1960,-672,-54,63,-6
2755,32,-1968,-632,-52,62,-5
2760,48,-1952,-672,-52,60,-6
2765,32,-1952,-656,-49,59,-5
2770,40,-1960,-656,-48,59,-6
2775,40,-1968,-672,-48,58,-6
2780,32,-1936,-656,-49,58,-5
2785,40,-1960,-664,-50,59,-5
2790,48,-1960,-648,-53,59,-5
2795,40,-1952,-640,-57,60,-5
2800,56,-1984,-584,-59,61,-6
2805,56,-1976,-664,-62,63,-6
2810,56,-1968,-648,-62,63,-6
2815,64,-1976,-656,-62,63,-4
2820,72,-1976,-664,-58,63,-7
2825,56,-1960,-664,-54,64,-8
2830,32,-1960,-664,-52,62,-9
2835,24,-1952,-656,-51,61,-8
2840,24,-1968,-664,-52,61,-7
2845,32,-1968,-672,-55,60,-6
2850,56,-1952,-688,-55,63,-7
2855,56,-1960,-680,-54,63,-7
2860,40,-1960,-672,-55,62,-7
2865,32,-1960,-680,-52,63,-8
2870,40,-1944,-672,-54,63,-7
2875,24,-1984,-672,-57,62,-8
2880,32,-1952,-672,-60,60,-8
2885,40,-1976,-656,-63,59,-8
2890,64,-1976,-672,-64,60,-8
2895,64,-1984,-664,-65,59,-8
2900,48,-1976,-664,-62,58,-8
2905,32,-1968,-672,-58,56,-8
2910,32,-1976,-672,-55,55,-7
2915,32,-1976,-680,-53,55,-7
2920,56,-1976,-680,-52,55,-7
2925,16,-1952,-712,-52,55,-7
2930,32,-1960,-688,-54,57,-9
2935,40,-1968,-680,-56,58,-10
2940,40,-1968,-680,-57,58,-10
2945,56,-1984,-664,-58,58,-10
2950,56,-1952,-688,-56,58,-9
2955,40,-1960,-688,-56,58,-9
2960,40,-1968,-680,-54,59,-8
2965,32,-1944,-672,-53,60,-8
2970,56,-1960,-696,-54,60,-8
2975,56,-1968,-688,-57,57,-7
2980,32,-1984,-680,-58,54,-8
2985,48,-1944,-680,-58,51,-7
2990,16,-1976,-680,-58,49,-7
2995,24,-1936,-696,-60,46,-5
3000,48,-1944,-680,-65,45,-5
3005,16,-1944,-696,-74,45,-4
3010,40,-1968,-688,-83,44,-2
3015,32,-1952,-720,-91,42,2
3020,72,-2024,-768,-98,41,5
3025,40,-1984,-712,-102,43,9
3030,40,-1968,-720,-105,44,13
3035,32,-1976,-736,-105,46,18
3040,40,-1984,-712,-104,48,21
3045,56,-1992,-728,-100,50,25
3050,72,-1968,-744,-100,50,27
3055,56,-1976,-760,-101,50,30
3060,64,-1968,-760,-106,50,32
3065,48,-1936,-728,-112,50,34
3070,48,-1976,-760,-123,50,38
3075,48,-1928,-752,-133,53,42
3080,40,-1944,-776,-144,55,47
3085,40,-1936,-784,-155,58,51
3090,32,-1920,-776,-164,62,55
3095,8,-1936,-808,-171,64,58
3100,32,-1928,-800,-175,67,61
3105,16,-1952,-816,-182,65,62
3110,48,-1960,-800,-187,64,65
3115,48,-1944,-792,-189,62,63
3120,48,-1944,-832,-188,61,63
3125,40,-1976,-840,-189,60,61
3130,16,-1920,-808,-189,60,61
3135,32,-1952,-832,-189,62,62
3140,32,-1944,-800,-192,64,65
3145,32,-1952,-760,-191,67,68
3150,32,-1984,-768,-187,70,69
3155,24,-1976,-720,-178,74,72
3160,48,-1992,-768,-163,80,76
3165,64,-1968,-744,-147,82,80
3170,64,-1984,-752,-134,81,86
3175,48,-1976,-768,-128,77,89
3180,40,-1936,-776,-125,72,92
3185,32,-1960,-720,-123,70,95
3190,24,-1904,-744,-124,70,98
3195,40,-1896,-752,-127,71,101
3200,40,-1896,-744,-130,71,105
3205,16,-1880,-728,-130,71,107
3210,16,-1848,-736,-128,71,109
3215,32,-1840,-784,-121,69,111
3220,40,-1832,-792,-117,68,113
3225,40,-1800,-768,-115,67,115
3230,16,-1768,-776,-117,68,116
3235,0,-1744,-832,-125,68,117
3240,8,-1744,-808,-140,64,115
3245,0,-1728,-840,-160,60,113
3250,-8,-1696,-824,-185,57,111
3255,-56,-1664,-872,-213,56,110
3260,-64,-1672,-856,-243,54,108
3265,-56,-1672,-920,-278,48,106
3270,-56,-1640,-912,-321,43,106
3275,-64,-1632,-944,-357,41,107
3280,-88,-1656,-960,-390,40,109
3285,-64,-1640,-984,-422,35,109
3290,-104,-1624,-976,-453,28,113
3295,-80,-1632,-936,-479,22,116
3300,-96,-1648,-1008,-502,14,121
3305,-128,-1624,-1032,-517,7,125
3310,-80,-1624,-1000,-529,6,133
3315,-96,-1648,-1016,-538,3,139
3320,-120,-1656,-1056,-547,-4,150
3325,-80,-1648,-1088,-551,-12,160
3330,-96,-1624,-1072,-550,-23,170
3335,-128,-1600,-1088,-548,-36,179
3340,-112,-1552,-1088,-547,-49,188
3345,-96,-1552,-1072,-552,-62,195
3350,-72,-1472,-1056,-565,-70,203
3355,-56,-1456,-1056,-589,-74,209
3360,-80,-1416,-1008,-619,-75,209
3365,-80,-1376,-992,-655,-76,207
3370,-80,-1328,-968,-692,-75,202
3375,-104,-1288,-952,-721,-74,196
3380,-128,-1232,-880,-744,-69,187
3385,-136,-1192,-784,-757,-63,178
3390,-144,-1152,-744,-760,-53,170
3395,-96,-1184,-672,-751,-42,161
3400,-136,-1128,-616,-738,-33,151
3405,-144,-1120,-528,-719,-23,143
3410,-112,-1152,-480,-694,-13,134
3415,-112,-1128,-496,-662,-6,128
3420,-112,-1160,-424,-628,-3,126
3425,-64,-1160,-472,-594,-4,127
3430,-40,-1160,-480,-565,-9,130
3435,8,-1192,-536,-543,-15,133
3440,0,-1160,-576,-528,-24,137
3445,8,-1160,-584,-515,-36,147
3450,8,-1144,-640,-506,-51,159
3455,24,-1160,-664,-501,-65,173
3460,24,-1184,-664,-505,-71,186
3465,40,-1200,-704,-508,-68,203
3470,32,-1256,-688,-509,-60,220
3475,16,-1280,-760,-505,-50,231
3480,0,-1288,-848,-503,-34,231
3485,-64,-1312,-912,-509,-10,226
3490,-88,-1352,-984,-524,19,220
3495,-120,-1376,-984,-540,51,212
3500,-104,-1392,-1032,-549,87,199
3505,-136,-1400,-1056,-555,131,182
3510,-176,-1400,-1120,-566,176,166
3515,-176,-1376,-1088,-581,213,149
3520,-200,-1376,-1096,-600,241,135
3525,-224,-1320,-1120,-618,259,128
3530,-208,-1304,-1072,-637,266,128
3535,-168,-1272,-1056,-657,263,131
3540,-160,-1248,-1056,-679,250,139
3545,-168,-1224,-1016,-703,220,152
3550,-200,-1256,-968,-734,173,164
3555,-168,-1312,-920,-761,109,180
3560,-184,-1368,-960,-781,40,194
3565,-256,-1448,-888,-792,-24,214
3570,-224,-1488,-904,-790,-72,239
3575,-216,-1528,-968,-777,-95,263
3580,-224,-1560,-976,-771,-101,284
3585,-200,-1624,-1032,-762,-90,297
3590,-288,-1632,-1080,-745,-63,302
3595,-248,-1656,-1088,-724,-40,301
3600,-248,-1672,-1152,-714,-26,292
3605,-216,-1672,-1176,-707,-19,276
3610,-184,-1704,-1152,-700,-22,256
3615,-152,-1696,-1192,-690,-33,234
3620,-128,-1688,-1184,-672,-51,218
3625,-88,-1712,-1160,-653,-73,196
3630,-72,-1696,-1152,-621,-91,178
3635,-72,-1704,-1168,-584,-107,164
3640,-80,-1688,-1200,-552,-111,157
3645,-48,-1664,-1192,-528,-110,157
3650,-40,-1656,-1168,-507,-95,155
3655,-88,-1648,-1248,-487,-75,154
3660,-56,-1624,-1216,-477,-48,162
3665,-64,-1664,-1248,-476,-13,164
3670,-128,-1688,-1264,-469,23,169
3675,-128,-1688,-1296,-456,58,174
3680,-112,-1712,-1328,-446,92,176
3685,-128,-1696,-1352,-432,130,174
3690,-112,-1736,-1360,-408,176,171
3695,-104,-1720,-1368,-389,217,165
3700,-120,-1736,-1344,-370,242,161
3705,-104,-1720,-1328,-347,260,152
3710,-112,-1664,-1320,-317,270,132
3715,-136,-1592,-1328,-295,268,116
3720,-120,-1544,-1264,-284,265,103
3725,-104,-1504,-1312,-280,264,89
3730,-112,-1472,-1256,-281,268,82
3735,-136,-1464,-1272,-299,270,77
3740,-112,-1416,-1264,-334,254,79
3745,-64,-1440,-1240,-372,238,83
3750,-96,-1416,-1248,-408,225,85
3755,-80,-1456,-1304,-439,210,93
3760,-72,-1496,-1328,-470,203,95
3765,-104,-1544,-1368,-496,195,98
3770,-136,-1592,-1376,-516,181,101
3775,-120,-1624,-1392,-528,180,107
3780,-96,-1752,-1424,-537,190,112
3785,-168,-1800,-1416,-545,208,108
3790,-192,-1832,-1464,-538,225,102
3795,-224,-1816,-1464,-528,238,98
3800,-272,-1848,-1472,-518,249,89
3805,-240,-1856,-1456,-501,254,74
3810,-248,-1832,-1432,-477,260,64
3815,-224,-1768,-1408,-457,265,65
3820,-192,-1744,-1392,-450,277,66
3825,-152,-1720,-1400,-453,293,64
3830,-144,-1680,-1344,-454,309,59
3835,-136,-1656,-1400,-448,313,67
3840,-120,-1632,-1408,-443,312,74
3845,-96,-1616,-1384,-440,315,85
3850,-104,-1600,-1448,-430,314,97
3855,-80,-1576,-1432,-421,311,112
3860,-56,-1560,-1448,-419,304,125
3865,-8,-1568,-1480,-423,294,139
3870,-48,-1544,-1520,-432,286,145
3875,-80,-1536,-1504,-440,277,145
3880,-104,-1528,-1584,-458,276,145
3885,-120,-1552,-1584,-484,278,141
3890,-104,-1552,-1584,-509,285,131
3895,-152,-1624,-1608,-526,285,130
3900,-136,-1664,-1664,-543,297,130
3905,-192,-1648,-1688,-558,341,118
3910,-224,-1616,-1616,-564,381,112
3915,-224,-1632,-1608,-557,403,110
3920,-256,-1608,-1560,-544,418,106
3925,-232,-1616,-1488,-523,422,117
3930,-248,-1616,-1456,-493,420,129
3935,-224,-1592,-1448,-458,412,141
3940,-256,-1568,-1408,-426,400,156
3945,-224,-1616,-1424,-399,392,172
3950,-176,-1576,-1448,-380,384,186
3955,-176,-1552,-1456,-371,369,206
3960,-144,-1536,-1480,-371,350,216
3965,-104,-1568,-1520,-376,331,225
3970,-128,-1560,-1560,-384,313,229
3975,-152,-1560,-1560,-396,305,224
3980,-184,-1536,-1616,-403,304,211
3985,-160,-1576,-1624,-408,307,199
3990,-232,-1568,-1656,-401,320,186
3995,-256,-1584,-1624,-392,338,175
4000,-272,-1584,-1704,-377,358,165
4005,-248,-1592,-1696,-350,377,157
4010,-240,-1616,-1720,-311,389,157
4015,-192,-1608,-1688,-264,398,160
4020,-152,-1592,-1640,-211,397,162
4025,-120,-1600,-1632,-155,385,163
4030,-112,-1584,-1624,-107,366,160
4035,-96,-1600,-1584,-66,347,160
4040,-96,-1568,-1568,-43,335,159
4045,-96,-1552,-1584,-33,335,155
4050,-48,-1512,-1552,-36,347,150
4055,-72,-1488,-1576,-48,365,145
4060,-64,-1472,-1592,-72,388,139
4065,-40,-1456,-1608,-105,416,138
4070,-56,-1472,-1664,-142,448,141
4075,-48,-1480,-1664,-177,476,145
4080,-64,-1488,-1664,-211,502,148
4085,-72,-1520,-1704,-241,527,151
4090,-80,-1552,-1712,-271,552,151
4095,-104,-1544,-1704,-292,579,152
4100,-160,-1520,-1696,-307,603,155
4105,-176,-1560,-1720,-311,620,163
4110,-184,-1568,-1712,-319,624,172
4115,-216,-1576,-1696,-325,618,183
4120,-200,-1576,-1728,-329,607,187
4125,-200,-1552,-1720,-332,592,191
4130,-224,-1584,-1712,-338,579,191
4135,-216,-1576,-1704,-341,565,185
4140,-168,-1608,-1704,-343,546,177
4145,-160,-1640,-1688,-336,520,167
4150,-136,-1656,-1688,-320,494,152
4155,-160,-1656,-1656,-295,461,141
4160,-120,-1688,-1632,-261,425,131
4165,-112,-1688,-1608,-219,389,123
4170,-136,-1672,-1616,-174,356,114
4175,-112,-1672,-1592,-129,324,108
4180,-120,-1608,-1632,-91,299,105
4185,-112,-1576,-1640,-67,277,103
4190,-80,-1592,-1616,-51,252,107
4195,-32,-1560,-1624,-31,223,112
4200,-48,-1584,-1624,-3,194,116
4205,-32,-1552,-1608,33,167,116
4210,-24,-1544,-1624,69,144,119
4215,-64,-1568,-1648,98,122,121
4220,-8,-1552,-1664,120,108,121
4225,-40,-1544,-1688,137,102,121
4230,0,-1528,-1696,149,105,121
4235,-32,-1528,-1696,159,109,123
4240,-48,-1528,-1704,169,110,125
4245,-32,-1528,-1664,176,111,129
4250,-16,-1536,-1688,180,107,134
4255,-64,-1512,-1672,180,105,138
4260,-64,-1504,-1720,177,100,141
4265,-48,-1456,-1712,173,88,139
4270,-80,-1472,-1712,170,73,134
4275,-48,-1488,-1696,165,55,125
4280,-72,-1456,-1720,158,38,114
4285,-64,-1448,-1704,149,22,103
4290,-88,-1424,-1712,140,9,93
4295,-56,-1456,-1704,135,-3,85
4300,-40,-1464,-1680,131,-7,76
4305,-56,-1480,-1688,129,-10,65
4310,-32,-1488,-1712,129,-8,53
4315,-56,-1480,-1704,129,-12,43
4320,-32,-1472,-1720,126,-17,34
4325,-64,-1488,-1736,120,-29,28
4330,-56,-1472,-1720,112,-40,25
4335,-16,-1488,-1728,103,-48,20
4340,-24,-1496,-1744,90,-51,16
4345,-48,-1496,-1768,77,-53,14
4350,-24,-1496,-1752,66,-54,14
4355,-40,-1512,-1768,56,-54,11
4360,-24,-1496,-1744,52,-55,10
4365,-24,-1504,-1736,56,-57,9
4370,-24,-1528,-1720,65,-62,9
4375,-40,-1504,-1704,75,-69,8
4380,-48,-1496,-1688,86,-72,11
4385,-88,-1480,-1696,95,-76,11
4390,-88,-1472,-1696,98,-74,9
4395,-88,-1464,-1712,97,-70,7
4400,-64,-1448,-1720,95,-62,0
4405,-64,-1440,-1736,94,-49,-8
4410,-48,-1464,-1704,93,-37,-14
4415,-16,-1456,-1664,95,-31,-20
4420,-56,-1456,-1664,98,-27,-23
4425,-48,-1432,-1648,100,-26,-24
4430,0,-1432,-1680,97,-26,-22
4435,-104,-1408,-1680,90,-24,-22
4440,-88,-1432,-1664,82,-20,-22
4445,-80,-1448,-1696,72,-14,-23
4450,-96,-1448,-1696,62,-9,-26
4455,-104,-1456,-1696,55,-3,-29
4460,-104,-1448,-1696,55,1,-31
4465,-80,-1480,-1672,63,2,-32
4470,-88,-1464,-1680,76,0,-30
4475,-104,-1624,-1392,95,-6,-30
4480,-56,-1504,-1616,116,-9,-24
4485,-72,-1464,-1696,136,-8,-21
4490,-72,-1432,-1664,149,-11,-18
4495,-80,-1432,-1592,160,-10,-17
4500,-104,-1432,-1624,163,-5,-13
4505,-136,-1400,-1608,155,0,-4
4510,-120,-1416,-1616,140,5,0
4515,-144,-1368,-1608,123,12,2
4520,-168,-1368,-1608,106,21,3
4525,-168,-1368,-1592,91,25,5
4530,-160,-1368,-1608,78,25,9
4535,-168,-1376,-1608,73,23,16
4540,-168,-1392,-1584,73,23,18
4545,-152,-1328,-1544,74,21,19
4550,-136,-1368,-1592,74,19,21
4555,-152,-1360,-1600,71,17,21
4560,-128,-1384,-1632,62,21,24
4565,-144,-1376,-1616,48,29,27
4570,-168,-1328,-1592,30,39,29
4575,-168,-1328,-1592,13,53,33
4580,-152,-1328,-1592,-6,66,34
4585,-144,-1360,-1552,-24,80,39
4590,-176,-1336,-1568,-42,89,43
4595,-152,-1328,-1560,-58,95,47
4600,-136,-1312,-1488,-70,100,49
4605,-160,-1320,-1496,-77,103,51
4610,-176,-1312,-1440,-86,107,52
4615,-176,-1352,-1488,-92,106,50
4620,-152,-1352,-1472,-96,106,47
4625,-144,-1352,-1504,-97,102,46
4630,-128,-1376,-1520,-93,101,45
4635,-120,-1376,-1488,-83,99,46
4640,-136,-1416,-1488,-72,97,50
4645,-120,-1376,-1496,-60,96,55
4650,-88,-1344,-1496,-47,97,59
4655,-112,-1352,-1472,-38,97,64
4660,-120,-1344,-1488,-35,98,69
4665,-120,-1352,-1472,-42,101,71
4670,-104,-1320,-1464,-51,104,73
4675,-96,-1344,-1440,-66,106,74
4680,-88,-1336,-1408,-85,108,75
4685,-64,-1352,-1432,-102,110,74
4690,-88,-1336,-1440,-115,110,72
4695,-128,-1352,-1408,-123,109,68
4700,-112,-1368,-1392,-129,108,62
4705,-104,-1352,-1400,-130,107,59
4710,-88,-1400,-1440,-128,106,57
4715,-104,-1392,-1384,-123,108,54
4720,-72,-1376,-1384,-112,114,58
4725,-64,-1384,-1392,-101,119,62
4730,-80,-1368,-1392,-91,124,68
4735,-72,-1400,-1392,-80,129,73
4740,-64,-1400,-1408,-72,138,80
4745,-96,-1384,-1424,-62,146,84
4750,-96,-1408,-1432,-54,155,85
4755,-96,-1408,-1432,-45,161,82
4760,-128,-1440,-1520,-37,171,79
4765,-104,-1384,-1440,-30,180,76
4770,-104,-1376,-1472,-21,185,72
4775,-104,-1392,-1456,-14,181,67
4780,-104,-1400,-1424,-10,173,64
4785,-104,-1368,-1440,-9,157,62
4790,-88,-1368,-1432,-6,139,66
4795,-96,-1368,-1424,-5,123,68
4800,-80,-1352,-1472,-4,112,69
4805,-88,-1368,-1464,-6,109,68
4810,-88,-1400,-1440,-9,110,64
4815,-96,-1376,-1496,-9,117,58
4820,-96,-1376,-1520,-10,123,54
4825,-96,-1392,-1488,-8,129,47
4830,-112,-1392,-1496,-3,131,41
4835,-96,-1384,-1480,3,127,37
4840,-96,-1392,-1512,11,120,37
4845,-120,-1392,-1520,21,112,37
4850,-96,-1368,-1512,28,102,36
4855,-104,-1400,-1544,31,95,36
4860,-96,-1384,-1544,34,92,36
4865,-104,-1376,-1544,34,90,31
4870,-104,-1368,-1544,36,90,28
4875,-88,-1376,-1552,38,93,23
4880,-88,-1376,-1544,37,93,21
4885,-104,-1384,-1536,36,92,18
4890,-80,-1368,-1544,33,90,19
4895,-72,-1352,-1528,29,88,18
4900,-88,-1352,-1584,24,87,19
4905,-88,-1352,-1568,16,87,20
4910,-96,-1344,-1536,9,86,19
4915,-80,-1368,-1552,2,86,17
4920,-96,-1368,-1568,-2,88,14
4925,-104,-1376,-1592,-7,92,10
4930,-88,-1392,-1600,-8,96,8
4935,-72,-1400,-1592,-8,99,5
4940,-112,-1392,-1592,-7,99,3
4945,-80,-1408,-1600,-3,102,1
4950,-72,-1368,-1568,2,104,-1
4955,-88,-1384,-1616,5,105,-5
4960,-112,-1392,-1600,8,106,-10
4965,-96,-1368,-1584,8,104,-14
4970,-88,-1352,-1568,9,100,-18
4975,-96,-1408,-1520,8,91,-21
4980,-72,-1328,-1560,5,81,-21
4985,-64,-1320,-1560,1,71,-17
4990,-64,-1376,-1592,-5,64,-16
4995,-72,-1336,-1576,-14,60,-16
5000,-72,-1360,-1632,-22,61,-17
5005,-88,-1376,-1600,-31,64,-21
5010,-72,-1376,-1608,-40,69,-24
5015,-104,-1384,-1608,-45,74,-29
5020,-104,-1384,-1584,-49,77,-33
5025,-112,-1392,-1600,-48,76,-35
5030,-112,-1408,-1584,-46,73,-34
5035,-128,-1384,-1608,-43,68,-33
5040,-128,-1400,-1616,-40,66,-32
5045,-96,-1400,-1576,-38,64,-31
5050,-128,-1392,-1632,-35,65,-33
5055,-96,-1392,-1632,-30,67,-36
5060,-112,-1400,-1616,-23,67,-40
5065,-120,-1376,-1592,-14,67,-43
5070,-112,-1336,-1576,-9,63,-44
5075,-104,-1344,-1560,-8,58,-42
5080,-104,-1344,-1544,-10,49,-35
5085,-88,-1312,-1520,-18,43,-28
5090,-128,-1384,-1648,-29,36,-19
5095,-88,-1336,-1552,-44,31,-14
5100,-112,-1320,-1584,-55,30,-14
5105,-120,-1344,-1600,-62,30,-16
5110,-120,-1376,-1616,-67,34,-19
5115,-120,-1400,-1592,-63,39,-27
5120,-128,-1400,-1608,-59,45,-34
5125,-104,-1376,-1560,-50,54,-40
5130,-96,-1408,-1608,-42,60,-43
5135,-104,-1376,-1576,-34,61,-45
5140,-96,-1376,-1584,-26,60,-45
5145,-88,-1360,-1584,-25,57,-40
5150,-88,-1352,-1552,-27,53,-37
5155,-72,-1352,-1544,-31,48,-32
5160,-88,-1328,-1568,-36,44,-25
5165,-112,-1312,-1552,-41,40,-22
5170,-96,-1320,-1568,-44,38,-20
5175,-72,-1328,-1560,-50,39,-19
5180,-96,-1312,-1552,-54,41,-22
5185,-120,-1320,-1536,-56,43,-21
5190,-112,-1352,-1536,-60,46,-19
5195,-112,-1328,-1544,-62,47,-20
5200,-128,-1344,-1528,-62,47,-20
5205,-104,-1368,-1560,-61,50,-21
5210,-136,-1360,-1568,-58,50,-20
5215,-104,-1352,-1552,-55,48,-20
5220,-112,-1368,-1536,-49,45,-19
5225,-128,-1328,-1552,-44,41,-16
5230,-104,-1352,-1512,-38,36,-15
5235,-112,-1328,-1536,-33,37,-14
5240,-96,-1328,-1528,-24,36,-13
5245,-80,-1320,-1528,-17,38,-14
5250,-112,-1320,-1544,-20,40,-15
5255,-96,-1320,-1544,-24,42,-15
5260,-88,-1320,-1528,-26,45,-14
5265,-120,-1320,-1528,-29,52,-16
5270,-88,-1312,-1552,-33,57,-16
5275,-112,-1328,-1560,-37,59,-17
5280,-88,-1312,-1552,-38,62,-16
5285,-96,-1328,-1560,-41,63,-15
5290,-96,-1328,-1560,-43,62,-10
5295,-88,-1360,-1536,-46,61,-6
5300,-104,-1368,-1560,-47,60,-2
5305,-104,-1344,-1568,-45,56,3
5310,-104,-1352,-1552,-45,52,3
5315,-96,-1352,-1560,-45,49,1
5320,-120,-1320,-1544,-45,49,-3
5325,-104,-1328,-1576,-46,49,-6
5330,-72,-1344,-1536,-44,53,-8
5335,-72,-1344,-1552,-41,56,-11
5340,-88,-1328,-1552,-37,60,-12
5345,-80,-1352,-1544,-34,61,-12
5350,-104,-1320,-1544,-32,63,-14
5355,-80,-1336,-1536,-30,64,-13
5360,-104,-1320,-1520,-32,65,-10
5365,-96,-1336,-1544,-33,68,-7
5370,-88,-1320,-1552,-34,73,-2
5375,-80,-1312,-1528,-35,78,1
5380,-120,-1320,-1544,-33,81,5
5385,-72,-1368,-1568,-32,87,7
5390,-120,-1360,-1568,-29,94,4
5395,-104,-1344,-1576,-33,100,1
5400,-136,-1344,-1584,-39,105,-4
5405,-128,-1360,-1568,-44,110,-8
5410,-120,-1344,-1552,-50,112,-14
5415,-112,-1360,-1560,-56,114,-19
5420,-96,-1384,-1576,-60,113,-24
5425,-96,-1384,-1576,-62,111,-27
5430,-80,-1360,-1568,-63,110,-29
5435,-72,-1352,-1576,-64,109,-32
5440,-64,-1360,-1600,-66,108,-32
5445,-80,-1352,-1576,-64,107,-30
5450,-64,-1352,-1560,-64,105,-29
5455,-72,-1344,-1576,-64,107,-28
5460,-88,-1368,-1568,-62,109,-26
5465,-48,-1360,-1584,-62,110,-28
5470,-80,-1376,-1592,-63,109,-31
5475,-96,-1368,-1560,-59,108,-34
5480,-72,-1384,-1552,-54,106,-33
5485,-72,-1352,-1592,-46,102,-34
5490,-64,-1352,-1576,-39,99,-33
5495,-72,-1320,-1528,-35,96,-30
5500,-80,-1360,-1584,-36,95,-30
5505,-112,-1336,-1568,-38,95,-30
5510,-120,-1336,-1568,-40,94,-28
5515,-96,-1328,-1520,-42,92,-27
5520,-96,-1352,-1544,-46,92,-27
5525,-104,-1352,-1544,-46,91,-27
5530,-96,-1328,-1568,-43,86,-27
5535,-80,-1336,-1512,-41,83,-25
5540,-112,-1320,-1536,-37,78,-21
5545,-104,-1352,-1544,-32,73,-19
5550,-112,-1336,-1520,-28,69,-12
5555,-88,-1312,-1536,-29,68,-9
5560,-120,-1320,-1512,-32,68,-6
5565,-80,-1296,-1552,-35,70,-6
5570,-104,-1296,-1552,-38,69,-5
5575,-96,-1280,-1528,-39,69,-5
5580,-96,-1296,-1520,-40,71,-5
5585,-64,-1296,-1504,-40,72,-6
5590,-80,-1304,-1512,-41,73,-7
5595,-64,-1296,-1528,-42,73,-8
5600,-64,-1272,-1520,-47,76,-10
5605,-96,-1296,-1504,-53,79,-12
5610,-64,-1312,-1520,-56,83,-12
5615,-72,-1296,-1536,-57,88,-12
5620,-80,-1296,-1520,-57,94,-13
5625,-104,-1288,-1552,-58,98,-15
5630,-72,-1312,-1528,-59,100,-16
5635,-104,-1240,-1552,-57,103,-16
5640,-88,-1312,-1544,-54,103,-19
5645,-80,-1336,-1560,-48,102,-22
5650,-80,-1328,-1560,-39,100,-26
5655,-88,-1320,-1520,-37,96,-29
5660,-64,-1312,-1520,-36,88,-30
5665,-80,-1328,-1504,-36,81,-32
5670,-80,-1296,-1528,-35,73,-30
5675,-104,-1328,-1536,-35,69,-30
5680,-120,-1320,-1480,-37,63,-29
5685,-88,-1328,-1544,-42,60,-28
5690,-104,-1288,-1528,-46,59,-27
5695,-72,-1336,-1536,-51,56,-27
5700,-88,-1312,-1520,-56,53,-27
5705,-96,-1328,-1560,-61,53,-27
5710,-72,-1296,-1544,-63,50,-28
5715,-96,-1296,-1560,-66,48,-27
5720,-80,-1304,-1560,-70,50,-26
5725,-96,-1336,-1576,-73,50,-25
5730,-104,-1320,-1552,-70,48,-24
5735,-96,-1344,-1568,-67,48,-23
5740,-104,-1320,-1592,-65,44,-25
5745,-96,-1320,-1552,-58,42,-27
5750,-104,-1312,-1552,-51,38,-28
5755,-88,-1328,-1560,-45,35,-28
5760,-80,-1304,-1552,-41,31,-27
5765,-104,-1296,-1528,-40,29,-28
5770,-80,-1304,-1544,-38,30,-28
5775,-104,-1304,-1528,-39,33,-26
5780,-72,-1328,-1552,-45,35,-26
5785,-88,-1328,-1568,-49,39,-28
5790,-64,-1344,-1568,-54,42,-31
5795,-104,-1344,-1544,-54,44,-35
5800,-72,-1368,-1568,-53,46,-37
5805,-96,-1368,-1568,-50,48,-38
5810,-96,-1360,-1568,-49,49,-42
5815,-88,-1336,-1576,-49,51,-43
5820,-80,-1360,-1608,-50,52,-41
5825,-88,-1336,-1592,-49,53,-40
5830,-80,-1320,-1584,-45,49,-38
5835,-80,-1320,-1576,-43,46,-35
5840,-80,-1336,-1600,-41,38,-32
5845,-80,-1320,-1592,-37,34,-29
5850,-88,-1320,-1584,-33,32,-28
5855,-64,-1320,-1584,-31,28,-25
5860,-80,-1344,-1592,-30,29,-26
5865,-64,-1328,-1576,-31,33,-29
5870,-64,-1336,-1608,-33,40,-34
5875,-88,-1312,-1600,-35,46,-37
5880,-40,-1312,-1608,-37,52,-42
5885,-56,-1336,-1568,-37,57,-44
5890,-80,-1312,-1568,-38,63,-46
5895,-56,-1336,-1616,-39,68,-47
5900,-80,-1336,-1608,-38,72,-45
5905,-80,-1328,-1624,-39,75,-47
5910,-96,-1336,-1608,-37,77,-46
5915,-80,-1368,-1608,-32,78,-43
5920,-88,-1328,-1616,-30,78,-43
5925,-96,-1288,-1624,-28,78,-41
5930,-88,-1328,-1632,-29,80,-40
5935,-120,-1304,-1648,-32,79,-39
5940,-104,-1304,-1624,-33,80,-40
5945,-80,-1344,-1608,-34,79,-39
5950,-88,-1320,-1600,-35,76,-37
5955,-88,-1296,-1632,-36,72,-37
5960,-88,-1312,-1584,-36,65,-35
5965,-80,-1288,-1600,-36,57,-31
5970,-104,-1288,-1600,-38,49,-25
5975,-96,-1304,-1592,-40,44,-19
5980,-80,-1312,-1632,-40,42,-16
5985,-104,-1304,-1576,-40,41,-15
5990,-96,-1312,-1632,-41,45,-12
5995,-112,-1280,-1624,-42,50,-11
6000,-96,-1312,-1624,-42,54,-9
6005,-96,-1288,-1624,-43,60,-10
6010,-96,-1304,-1624,-41,63,-9
6015,-72,-1312,-1608,-36,67,-7
6020,-72,-1296,-1600,-33,73,-3
6025,-80,-1304,-1624,-28,77,-1
6030,-72,-1304,-1616,-23,82,2
6035,-72,-1320,-1664,-21,89,4
6040,-88,-1304,-1632,-21,94,5
6045,-88,-1312,-1616,-19,98,2
6050,-88,-1312,-1600,-17,100,1
6055,-104,-1296,-1600,-14,97,1
6060,-112,-1296,-1592,-12,92,1
6065,-72,-1304,-1616,-8,87,-2
6070,-72,-1272,-1600,-5,79,-3
6075,-96,-1264,-1576,-4,71,-2
6080,-88,-1272,-1624,-6,66,1
6085,-88,-1280,-1624,-9,62,3
6090,-80,-1288,-1600,-12,63,3
6095,-56,-1304,-1600,-14,67,4
6100,-40,-1328,-1616,-13,72,0
6105,-72,-1296,-1608,-13,77,-2
6110,-64,-1304,-1568,-12,83,-3
6115,-56,-1296,-1608,-11,86,-4
6120,-56,-1304,-1600,-12,90,-3
6125,-104,-1288,-1624,-10,90,-1
6130,-88,-1288,-1616,-8,91,3
6135,-64,-1288,-1608,-6,91,7
6140,-88,-1296,-1600,-7,91,12
6145,-64,-1312,-1608,-4,94,13
6150,-80,-1328,-1640,-2,96,13
6155,-128,-1304,-1600,0,95,13
6160,-80,-1312,-1624,-1,97,12
6165,-88,-1320,-1632,0,96,10
6170,-88,-1304,-1608,0,96,6
6175,-64,-1360,-1640,-2,94,3
6180,-64,-1296,-1616,-1,92,-2
6185,-64,-1288,-1592,1,87,-4
6190,-88,-1296,-1568,2,84,-6
6195,-48,-1320,-1624,5,80,-5
6200,-24,-1336,-1600,7,78,-5
6205,-72,-1304,-1592,11,74,-3
6210,-48,-1304,-1600,16,74,-1
6215,-40,-1304,-1624,18,78,0
6220,-40,-1304,-1640,17,82,4
6225,-32,-1312,-1640,13,88,5
6230,-32,-1312,-1632,8,95,8
6235,-24,-1304,-1616,0,102,9
6240,-32,-1304,-1656,-6,108,7
6245,-48,-1320,-1656,-13,115,5
6250,-40,-1320,-1640,-17,116,3
6255,-80,-1344,-1616,-21,116,0
6260,-80,-1352,-1648,-23,114,-2
6265,-88,-1344,-1648,-25,112,-3
6270,-72,-1360,-1648,-24,109,-4
6275,-88,-1328,-1640,-21,106,-4
6280,-104,-1352,-1640,-21,102,-3
6285,-32,-1344,-1672,-22,98,-3
6290,-64,-1344,-1616,-24,95,-2
6295,-72,-1360,-1632,-25,91,-4
6300,-24,-1392,-1680,-27,92,-6
6305,-40,-1400,-1672,-30,94,-9
6310,-32,-1432,-1672,-33,101,-10
6315,-8,-1432,-1696,-36,107,-9
6320,-16,-1432,-1712,-38,110,-10
6325,-16,-1456,-1712,-37,114,-8
6330,0,-1456,-1744,-36,114,-11
6335,-48,-1448,-1768,-37,114,-16
6340,-32,-1424,-1744,-38,111,-25
6345,-32,-1408,-1736,-40,107,-29
6350,-56,-1432,-1760,-45,100,-36
6355,-32,-1440,-1728,-49,90,-44
6360,-72,-1408,-1744,-55,80,-51
6365,-64,-1408,-1728,-62,66,-56
6370,-64,-1400,-1712,-68,50,-62
6375,-80,-1416,-1704,-73,33,-67
6380,-80,-1368,-1664,-76,18,-70
6385,-72,-1384,-1664,-76,0,-71
6390,-56,-1352,-1624,-77,-20,-72
6395,-88,-1320,-1600,-79,-40,-71
6400,-72,-1336,-1536,-81,-61,-72
6405,-72,-1336,-1568,-84,-79,-73
6410,-56,-1360,-1560,-87,-94,-73
6415,-40,-1360,-1536,-85,-105,-70
6420,-56,-1328,-1544,-82,-112,-65
6425,-56,-1384,-1544,-75,-115,-57
6430,-24,-1368,-1576,-70,-115,-43
6435,-8,-1392,-1576,-66,-108,-29
6440,-40,-1392,-1584,-55,-96,-20
6445,-56,-1368,-1584,-46,-74,-16
6450,-64,-1392,-1592,-42,-54,-13
6455,-80,-1408,-1632,-47,-34,-12
6460,-80,-1392,-1656,-55,-18,-19
6465,-80,-1368,-1648,-64,-7,-22
6470,-88,-1360,-1672,-75,-4,-25
6475,-88,-1376,-1696,-86,-3,-29
6480,-80,-1400,-1704,-96,-8,-33
6485,-72,-1424,-1728,-101,-13,-42
6490,-88,-1456,-1776,-109,-19,-56
6495,-96,-1464,-1768,-121,-22,-71
6500,-88,-1464,-1808,-135,-26,-86
6505,-136,-1480,-1872,-149,-25,-101
6510,-64,-1488,-1848,-158,-27,-115
6515,-48,-1480,-1872,-162,-27,-129
6520,-40,-1528,-1880,-166,-30,-142
6525,-48,-1544,-1880,-166,-37,-152
6530,-24,-1536,-1888,-164,-45,-161
6535,0,-1552,-1904,-162,-55,-168
6540,0,-1576,-1928,-160,-68,-170
6545,8,-1584,-1904,-158,-81,-171
6550,0,-1608,-1912,-159,-91,-172
6555,0,-1624,-1920,-158,-96,-176
6560,-56,-1592,-1904,-159,-100,-180
6565,-56,-1616,-1944,-156,-101,-181
6570,-112,-1616,-1896,-153,-99,-183
6575,-80,-1632,-1928,-147,-98,-184
6580,-72,-1640,-1928,-139,-102,-180
6585,-88,-1632,-1888,-126,-111,-180
6590,-104,-1608,-1920,-110,-122,-176
6595,-96,-1600,-1904,-91,-132,-176
6600,-104,-1600,-1912,-72,-140,-174
6605,-72,-1600,-1896,-56,-147,-171
6610,-88,-1600,-1888,-44,-156,-168
6615,-80,-1576,-1880,-32,-162,-165
6620,-96,-1584,-1936,-23,-164,-160
6625,-104,-1560,-1896,-16,-164,-153
6630,-112,-1520,-1880,-13,-161,-149
6635,-80,-1520,-1856,-16,-154,-138
6640,-64,-1528,-1848,-18,-146,-127
6645,-72,-1528,-1840,-18,-140,-116
6650,-56,-1520,-1848,-14,-139,-107
6655,-72,-1520,-1840,-4,-143,-99
6660,-56,-1504,-1864,12,-148,-94
6665,-96,-1504,-1848,27,-152,-92
6670,-80,-1528,-1872,42,-158,-89
6675,-112,-1536,-1832,56,-162,-87
6680,-104,-1528,-1816,66,-161,-88
6685,-112,-1496,-1832,69,-158,-88
6690,-120,-1512,-1848,71,-152,-89
6695,-104,-1520,-1840,80,-144,-91
6700,-88,-1504,-1808,94,-134,-94
6705,-120,-1520,-1816,112,-127,-95
6710,-88,-1520,-1808,125,-119,-93
6715,-96,-1504,-1808,141,-111,-89
6720,-128,-1448,-1816,153,-105,-88
6725,-104,-1504,-1792,170,-104,-83
6730,-120,-1512,-1768,188,-107,-79
6735,-152,-1504,-1768,207,-109,-72
6740,-128,-1536,-1760,229,-110,-66
6745,-160,-1536,-1768,253,-108,-63
6750,-120,-1552,-1752,276,-104,-62
6755,-200,-1552,-1736,296,-96,-62
6760,-176,-1552,-1760,314,-93,-58
6765,-160,-1536,-1808,326,-96,-55
6770,-184,-1512,-1800,324,-98,-53
6775,-200,-1568,-1784,314,-103,-48
6780,-216,-1536,-1744,307,-101,-42
6785,-184,-1552,-1736,306,-99,-37
6790,-240,-1552,-1712,309,-98,-34
6795,-216,-1592,-1720,317,-98,-32
6800,-216,-1552,-1712,326,-104,-30
6805,-232,-1576,-1712,334,-111,-31
6810,-192,-1608,-1680,343,-119,-32
6815,-200,-1592,-1672,353,-116,-34
6820,-184,-1616,-1656,364,-110,-36
6825,-216,-1560,-1672,382,-101,-39
6830,-144,-1672,-1712,402,-95,-42
6835,-176,-1600,-1616,425,-90,-45
6840,-152,-1624,-1600,444,-83,-47
6845,-152,-1600,-1608,463,-77,-50
6850,-160,-1608,-1544,484,-74,-51
6855,-160,-1592,-1584,500,-71,-55
6860,-152,-1632,-1576,514,-71,-59
6865,-136,-1616,-1544,522,-73,-62
6870,-128,-1600,-1504,532,-83,-65
6875,-128,-1584,-1496,538,-91,-69
6880,-136,-1600,-1488,547,-96,-72
6885,-144,-1608,-1464,559,-98,-77
6890,-168,-1576,-1480,577,-96,-76
6895,-192,-1592,-1424,598,-87,-76
6900,-192,-1592,-1432,618,-81,-78
6905,-208,-1592,-1424,640,-74,-79
6910,-216,-1592,-1440,659,-72,-79
6915,-200,-1600,-1400,680,-70,-79
6920,-232,-1568,-1392,700,-69,-81
6925,-216,-1560,-1408,725,-65,-79
6930,-208,-1584,-1376,758,-60,-77
6935,-216,-1568,-1408,784,-55,-79
6940,-184,-1536,-1392,804,-50,-80
6945,-176,-1552,-1384,825,-46,-81
6950,-192,-1560,-1336,843,-42,-85
6955,-184,-1536,-1328,861,-37,-91
6960,-176,-1552,-1352,877,-38,-95
6965,-200,-1520,-1320,888,-40,-97
6970,-192,-1520,-1304,896,-42,-101
6975,-200,-1520,-1264,902,-44,-103
6980,-208,-1520,-1272,904,-46,-103
6985,-208,-1528,-1248,900,-49,-106
6990,-216,-1496,-1256,895,-54,-108
6995,-200,-1520,-1232,890,-59,-109
7000,-208,-1536,-1208,891,-55,-108
7005,-200,-1536,-1200,897,-50,-109
7010,-208,-1512,-1184,905,-48,-112
7015,-200,-1536,-1200,913,-49,-117
7020,-208,-1520,-1168,915,-52,-117
7025,-168,-1544,-1152,920,-57,-116
7030,-168,-1560,-1128,923,-60,-115
7035,-184,-1576,-1096,933,-62,-112
7040,-200,-1536,-1120,945,-60,-110
7045,-152,-1544,-1008,954,-57,-108
7050,-152,-1544,-1064,969,-51,-108
7055,-128,-1560,-1080,984,-41,-111
7060,-136,-1520,-1104,996,-33,-113
7065,-152,-1512,-1104,1008,-28,-116
7070,-160,-1512,-1104,1016,-27,-124
7075,-152,-1496,-1088,1015,-28,-131
7080,-152,-1504,-1080,1016,-32,-138
7085,-184,-1480,-1064,1014,-36,-147
7090,-160,-1496,-1024,1011,-40,-150
7095,-136,-1488,-1032,1010,-42,-152
7100,-144,-1512,-944,1006,-41,-154
7105,-152,-1472,-968,1001,-40,-155
7110,-152,-1496,-960,989,-38,-153
7115,-152,-1528,-912,977,-36,-152
7120,-136,-1520,-896,972,-39,-151
7125,-168,-1496,-896,970,-39,-153
7130,-144,-1528,-856,967,-39,-151
7135,-136,-1504,-864,968,-41,-151
7140,-128,-1488,-832,971,-44,-148
7145,-160,-1488,-824,973,-47,-143
7150,-136,-1496,-816,971,-50,-138
7155,-144,-1480,-784,970,-56,-135
7160,-88,-1488,-744,971,-56,-133
7165,-80,-1472,-792,976,-55,-130
7170,-128,-1480,-776,978,-55,-129
7175,-104,-1504,-776,982,-54,-137
7180,-136,-1472,-800,988,-53,-144
7185,-112,-1480,-768,991,-52,-152
7190,-112,-1464,-800,999,-49,-158
7195,-128,-1448,-784,999,-47,-163
7200,-144,-1440,-816,996,-49,-169
7205,-128,-1424,-760,986,-49,-170
7210,-104,-1448,-800,978,-52,-174
7215,-176,-1400,-768,971,-60,-177
7220,-160,-1416,-736,965,-71,-183
7225,-208,-1424,-760,956,-83,-187
7230,-184,-1408,-736,940,-93,-187
7235,-192,-1392,-712,925,-96,-182
7240,-176,-1416,-712,914,-90,-176
7245,-200,-1408,-704,907,-83,-168
7250,-168,-1448,-672,900,-77,-159
7255,-168,-1448,-672,890,-70,-150
7260,-168,-1432,-640,878,-68,-138
7265,-168,-1376,-712,866,-74,-128
7270,-144,-1448,-632,854,-84,-122
7275,-144,-1456,-624,841,-91,-116
7280,-128,-1456,-624,831,-97,-110
7285,-128,-1416,-672,817,-102,-109
7290,-136,-1408,-664,795,-106,-112
7295,-128,-1424,-680,769,-113,-112
7300,-120,-1416,-672,741,-119,-110
7305,-96,-1440,-672,708,-127,-108
7310,-120,-1448,-656,671,-131,-111
7315,-128,-1464,-648,641,-136,-115
7320,-112,-1488,-616,626,-134,-118
7325,-128,-1464,-600,628,-132,-127
7330,-152,-1496,-600,633,-128,-138
7335,-144,-1480,-576,641,-123,-145
7340,-136,-1472,-560,649,-119,-151
7345,-128,-1480,-592,652,-116,-155
7350,-136,-1472,-560,656,-110,-164
7355,-112,-1464,-576,658,-99,-171
7360,-128,-1464,-600,650,-87,-178
7365,-104,-1464,-592,640,-76,-183
7370,-96,-1456,-616,624,-69,-190
7375,-64,-1488,-664,611,-63,-194
7380,-56,-1496,-624,600,-57,-199
7385,-64,-1488,-664,585,-52,-207
7390,-48,-1496,-688,567,-49,-214
7395,-32,-1512,-704,548,-42,-220
7400,-40,-1520,-688,530,-33,-225
7405,-16,-1512,-696,516,-22,-228
7410,0,-1520,-712,492,-12,-229
7415,0,-1576,-712,467,-4,-230
7420,-24,-1576,-704,443,-1,-234
7425,-32,-1624,-680,426,1,-240
7430,-16,-1648,-664,416,7,-247
7435,-32,-1688,-672,407,17,-254
7440,-56,-1696,-616,398,25,-256
7445,-16,-1720,-640,386,32,-262
7450,-16,-1752,-640,375,39,-265
7455,0,-1776,-632,369,49,-272
7460,-40,-1752,-640,367,61,-277
7465,0,-1800,-624,362,69,-281
7470,-56,-1800,-624,354,73,-282
7475,-32,-1824,-608,346,77,-283
7480,-16,-1848,-592,339,78,-286
7485,0,-1864,-552,341,79,-288
7490,0,-1840,-568,347,79,-284
7495,-16,-1864,-560,348,79,-278
7500,0,-1920,-552,334,80,-268
7505,0,-1912,-536,320,83,-258
7510,-16,-1944,-552,310,83,-250
7515,-48,-1936,-584,301,84,-243
7520,-40,-1968,-616,294,80,-232
7525,-16,-1976,-632,293,76,-222
7530,-24,-1960,-664,294,75,-207
7535,-16,-1992,-656,294,74,-193
7540,0,-1984,-624,289,78,-180
7545,16,-1984,-640,280,80,-167
7550,24,-1984,-648,270,87,-157
7555,32,-1984,-640,259,95,-149
7560,32,-1976,-656,245,110,-145
7565,24,-1976,-656,222,124,-144
7570,0,-1992,-656,196,139,-146
7575,32,-2016,-656,169,158,-152
7580,-8,-2024,-696,142,177,-159
7585,-24,-2024,-736,119,197,-166
7590,-8,-2008,-736,93,215,-174
7595,-48,-2000,-696,63,234,-178
7600,-56,-2032,-728,36,249,-184
7605,-64,-2080,-704,14,258,-192
7610,-40,-2064,-728,-8,268,-201
7615,-56,-2088,-696,-26,275,-207
7620,-80,-2112,-696,-38,280,-210
7625,-88,-2112,-656,-42,282,-210
7630,-96,-2112,-656,-42,283,-208
7635,-88,-2096,-648,-41,280,-206
7640,-88,-2112,-536,-37,270,-199
7645,-64,-2080,-608,-38,258,-190
7650,-64,-2080,-624,-43,240,-179
7655,-56,-2080,-568,-52,225,-168
7660,-64,-2056,-608,-63,209,-155
7665,-16,-2072,-576,-78,193,-141
7670,-32,-2080,-592,-87,182,-125
7675,-8,-2088,-584,-89,168,-107
7680,-16,-2056,-616,-87,153,-90
7685,0,-2088,-552,-77,138,-74
7690,8,-2064,-568,-68,125,-57
7695,16,-2064,-544,-58,112,-41
7700,24,-2040,-528,-44,100,-26
7705,40,-2040,-504,-32,90,-15
7710,16,-2008,-504,-20,81,-4
7715,32,-2016,-488,-11,73,4
7720,40,-2008,-464,-9,66,11
7725,32,-2008,-464,-8,62,19
7730,40,-1992,-408,-6,57,28
7735,0,-1984,-464,1,53,37
7740,32,-1936,-456,8,50,44
7745,56,-1960,-440,14,47,50
7750,40,-1952,-456,20,49,54
7755,72,-1920,-480,23,52,56
7760,40,-1920,-440,21,56,55
7765,64,-1920,-432,18,58,53
7770,64,-1912,-400,13,61,49
7775,48,-1880,-424,7,66,44
7780,48,-1896,-408,-5,75,39
7785,48,-1904,-400,-18,85,32
7790,72,-1936,-416,-33,93,25
7795,88,-1960,-416,-47,103,18
7800,64,-1992,-424,-58,113,11
7805,72,-2008,-440,-66,122,3
7810,72,-2024,-488,-70,128,-2
7815,96,-2048,-472,-70,135,-7
7820,56,-2064,-432,-68,139,-13
7825,72,-2064,-512,-60,143,-19
7830,40,-2048,-480,-49,146,-22
7835,48,-2064,-496,-36,146,-28
7840,16,-2016,-480,-24,145,-33
7845,32,-2040,-488,-15,142,-36
7850,8,-2016,-520,-7,138,-41
7855,8,-1992,-480,1,135,-45
7860,0,-1984,-472,6,129,-47
7865,0,-1944,-464,10,121,-53
7870,-24,-1960,-424,7,112,-61
7875,-8,-1928,-448,0,104,-65
7880,-24,-1944,-440,-14,94,-69
7885,-24,-1944,-440,-31,85,-72
7890,0,-1976,-448,-50,72,-74
7895,-24,-1952,-488,-67,59,-73
7900,-24,-1976,-440,-81,45,-72
7905,0,-2032,-448,-92,30,-70
7910,0,-2048,-448,-96,13,-65
7915,-8,-2096,-456,-97,-2,-64
7920,0,-2056,-448,-91,-17,-61
7925,0,-2096,-480,-87,-29,-58
7930,-8,-2072,-488,-76,-37,-55
7935,0,-2096,-512,-66,-43,-49
7940,0,-2064,-512,-59,-48,-42
7945,16,-2056,-488,-57,-53,-36
7950,24,-2048,-512,-57,-61,-31
7955,32,-2080,-496,-61,-65,-22
7960,40,-2088,-512,-66,-68,-18
7965,48,-2056,-512,-69,-73,-11
7970,40,-2040,-488,-70,-78,-7
7975,16,-2024,-472,-70,-80,-2
7980,48,-2032,-464,-68,-79,-1
7985,48,-2016,-448,-64,-82,0
7990,64,-2048,-472,-59,-79,-1
7995,64,-2048,-440,-54,-75,0
8000,48,-2016,-400,-53,-69,-1
8005,72,-2000,-416,-53,-61,-3
8010,48,-2016,-456,-55,-54,-2
8015,80,-2008,-432,-55,-47,-3
8020,88,-2048,-432,-53,-42,-2
8025,96,-2048,-456,-49,-38,-5
8030,72,-2000,-424,-46,-33,-5
8035,56,-2016,-408,-43,-28,-7
8040,56,-2008,-456,-42,-25,-7
8045,56,-2008,-440,-41,-23,-9
8050,56,-2008,-424,-42,-20,-10
8055,40,-2000,-432,-41,-16,-12
8060,40,-2008,-448,-36,-11,-12
8065,48,-2000,-424,-30,-7,-13
8070,48,-2008,-448,-25,-1,-13
8075,32,-2008,-432,-22,4,-12
8080,40,-1992,-448,-21,9,-11
8085,48,-2000,-424,-22,11,-12
8090,32,-1992,-416,-24,14,-13
8095,24,-2008,-408,-25,16,-12
8100,24,-2000,-408,-25,13,-13
8105,56,-2008,-440,-24,10,-14
8110,48,-1992,-440,-22,8,-13
8115,40,-2016,-432,-18,7,-12
8120,56,-2032,-432,-16,6,-13
8125,72,-2016,-416,-12,8,-12
8130,64,-2040,-408,-8,9,-9
8135,88,-2048,-328,-5,11,-9
8140,80,-2056,-416,-5,12,-5
8145,64,-2032,-416,-5,15,-1
8150,72,-2040,-416,-5,19,0
8155,64,-2032,-440,-6,22,2
8160,64,-2040,-424,-4,25,3
8165,64,-2000,-408,-3,24,4
8170,88,-2000,-408,-3,24,4
8175,96,-2016,-440,-7,26,5
8180,72,-1992,-448,-14,24,6
8185,80,-2000,-416,-23,22,7
8190,88,-2008,-432,-32,22,7
8195,56,-2000,-472,-41,21,7
8200,64,-2008,-440,-48,21,7
8205,48,-2000,-448,-53,23,6
8210,40,-2008,-448,-57,22,6
8215,40,-2016,-432,-61,22,6
8220,56,-2016,-440,-62,24,7
8225,40,-2024,-440,-59,24,7
8230,32,-2032,-448,-52,22,7
8235,32,-2040,-432,-44,20,9
8240,56,-2056,-456,-38,18,11
8245,64,-2048,-432,-35,16,12
8250,72,-2040,-456,-36,15,13
8255,56,-2032,-472,-34,16,14
8260,64,-2040,-480,-33,16,17
8265,40,-2032,-432,-31,16,18
8270,56,-2024,-448,-28,17,17
8275,48,-2032,-448,-25,18,19
8280,40,-2016,-472,-20,18,18
8285,56,-1984,-448,-15,20,17
8290,56,-1992,-448,-13,21,17
8295,48,-1992,-464,-13,22,15
8300,64,-1984,-416,-17,23,13
8305,40,-2008,-416,-23,24,12
8310,48,-1992,-456,-30,26,10
8315,32,-2008,-424,-37,27,10
8320,8,-2008,-440,-44,30,9
8325,24,-1992,-432,-47,32,9
8330,24,-2008,-400,-48,34,8
8335,48,-2008,-408,-47,36,6
8340,24,-1984,-416,-43,38,8
8345,40,-2024,-416,-37,39,7
8350,56,-1992,-456,-33,39,8
8355,40,-1992,-440,-29,40,9
8360,40,-2000,-456,-26,40,10
8365,40,-2024,-456,-24,39,13
8370,40,-2000,-488,-24,41,14
8375,32,-2000,-488,-23,41,15
8380,48,-2024,-464,-21,45,16
8385,40,-2016,-488,-18,46,16
8390,56,-2024,-496,-17,47,17
8395,48,-2000,-496,-15,48,18
8400,56,-2024,-488,-12,48,20
8405,48,-2000,-472,-12,52,21
8410,32,-1976,-480,-13,53,19
8415,24,-2000,-488,-15,55,20
8420,48,-2032,-456,-17,57,21
8425,32,-2024,-440,-15,58,20
8430,48,-2008,-464,-15,59,19
8435,56,-2000,-456,-15,58,19
8440,32,-2000,-448,-17,60,17
8445,32,-1984,-456,-19,60,16
8450,24,-1976,-456,-22,63,15
8455,16,-1992,-472,-24,61,14
8460,8,-2016,-416,-24,62,13
8465,8,-2008,-472,-23,61,12
8470,0,-1984,-456,-26,60,10
8475,8,-2016,-456,-29,58,8
8480,8,-2000,-480,-31,54,8
8485,0,-2016,-440,-29,51,4
8490,8,-2008,-472,-25,47,2
8495,0,-2008,-472,-19,44,-1
8500,16,-2016,-456,-13,41,-3
8505,0,-2008,-448,-7,37,-4
8510,0,-2016,-480,-2,35,-5
8515,16,-2016,-488,-1,33,-6
8520,0,-2008,-520,-1,30,-7
8525,8,-2016,-480,-1,27,-7
8530,0,-1984,-512,1,22,-4
8535,0,-1992,-512,1,17,-2
8540,0,-1992,-496,3,15,-2
8545,8,-2016,-472,3,11,-1
8550,-16,-2016,-480,2,9,0
8555,8,-2000,-488,3,5,2
8560,0,-2008,-472,8,1,1
8565,16,-2016,-472,15,-2,3
8570,16,-2024,-488,20,-5,5
8575,8,-1992,-536,22,-7,6
8580,24,-1976,-520,15,-3,8
8585,16,-1976,-544,5,2,11
8590,16,-1984,-512,-5,8,13
8595,32,-1976,-440,-13,12,13
8600,32,-2000,-496,-20,15,13
8605,40,-1984,-496,-26,18,12
8610,40,-2016,-456,-28,19,10
8615,40,-2016,-480,-28,21,8
8620,40,-2008,-448,-26,25,5
8625,48,-1992,-424,-22,32,1
8630,32,-2000,-440,-21,37,1
8635,64,-2024,-472,-17,38,-2
8640,56,-2024,-456,-12,38,-4
8645,48,-2008,-480,-11,38,-4
8650,48,-2000,-472,-8,38,-5
8655,32,-2024,-480,-5,39,-3
8660,32,-2032,-464,-5,39,-3
8665,32,-2016,-472,-4,38,-2
8670,0,-2016,-456,-3,38,-2
8675,24,-2008,-456,0,40,-1
8680,88,-2008,-480,4,42,-2
8685,24,-2016,-472,8,42,-1
8690,16,-2000,-472,12,43,-1
8695,16,-2000,-504,15,44,2
8700,16,-2000,-496,15,44,1
8705,32,-2016,-488,17,45,2
8710,40,-2008,-480,18,46,0
8715,32,-2008,-472,16,46,1
8720,32,-2008,-464,17,47,2
8725,32,-2000,-488,18,48,2
8730,40,-1992,-488,19,48,0
8735,24,-2000,-456,20,48,-2
8740,16,-1992,-488,20,46,-2
8745,40,-2000,-480,18,46,-4
8750,8,-2008,-472,14,46,-2
8755,16,-2000,-496,11,45,-3
8760,16,-1984,-472,6,48,-2
8765,24,-1984,-488,5,46,1
8770,8,-2008,-504,3,47,1
8775,0,-1992,-504,1,46,2
8780,8,-2016,-480,2,48,3
8785,48,-1992,-416,3,46,2
8790,16,-1984,-520,4,47,5
8795,8,-2024,-504,4,47,5
8800,16,-2008,-472,2,48,6
8805,8,-2040,-512,3,47,6
8810,16,-2008,-504,6,48,4
8815,16,-2008,-480,10,46,3
8820,-8,-2016,-488,12,44,1
8825,0,-2008,-496,12,44,-1
8830,0,-2000,-496,11,43,1
8835,8,-2008,-456,5,43,0
8840,0,-2000,-480,0,45,1
8845,0,-1984,-488,-3,47,0
8850,0,-1976,-464,-7,50,0
8855,8,-2000,-456,-10,51,-3
8860,0,-1984,-456,-10,52,-1
8865,0,-1984,-448,-10,54,-1
8870,0,-1992,-488,-8,55,-3
8875,8,-1984,-488,-8,57,-2
8880,16,-2000,-472,-7,59,-2
8885,8,-2008,-464,-7,63,-4
8890,56,-1992,-528,-4,65,-3
8895,0,-1984,-504,-3,67,-2
8900,40,-2000,-456,-4,69,-1
8905,40,-1984,-464,-6,69,1
8910,16,-1992,-456,-7,69,2
8915,24,-2008,-472,-9,67,3
8920,40,-2024,-464,-8,66,5
8925,40,-2008,-480,-6,64,7
8930,32,-2024,-488,-4,65,8
8935,32,-2040,-504,-1,62,10
8940,56,-2040,-504,2,63,10
8945,40,-2008,-496,4,64,10
8950,24,-2016,-504,7,66,13
8955,16,-2016,-496,8,66,13
8960,40,-2016,-480,10,67,12
8965,40,-2016,-496,14,70,13
8970,32,-2024,-512,11,70,14
8975,40,-2000,-472,11,70,12
8980,32,-1984,-512,9,73,11
8985,24,-2000,-448,5,76,11
8990,0,-1984,-456,1,78,11
8995,16,-2008,-496,-4,79,11
9000,24,-2000,-464,-6,80,8
9005,8,-2016,-464,-5,79,7
9010,24,-1992,-472,-3,79,8
9015,24,-1976,-488,0,78,6
9020,40,-1992,-472,-1,77,7
9025,24,-2024,-480,-1,77,6
9030,32,-2016,-480,-1,79,6
9035,24,-2000,-472,2,79,6
9040,24,-2008,-480,4,80,6
9045,48,-2008,-512,7,82,4
9050,16,-1992,-496,10,82,6
9055,24,-1976,-480,12,81,6
9060,8,-1992,-480,13,81,5
9065,16,-2008,-488,13,80,5
9070,24,-2000,-464,13,80,2
9075,16,-1984,-496,13,79,1
9080,16,-2000,-504,14,80,1
9085,32,-1992,-496,14,83,0
9090,16,-2000,-456,12,84,-3
9095,24,-1984,-440,7,85,-4
9100,24,-2016,-480,1,87,-3
9105,16,-1992,-480,-4,89,-3
9110,16,-2016,-496,-7,90,-2
9115,8,-1992,-456,-12,87,-1
9120,0,-2024,-456,-15,88,-1
9125,0,-2000,-448,-18,86,0
9130,8,-2016,-448,-19,85,1
9135,0,-1992,-480,-20,85,2
9140,8,-2000,-496,-20,86,3
9145,0,-1984,-464,-19,85,6
9150,8,-2008,-440,-22,86,6
9155,0,-2024,-488,-24,85,7
9160,0,-2024,-488,-26,82,8
9165,8,-2000,-496,-27,79,7
9170,16,-2016,-480,-25,80,7
9175,0,-2000,-472,-23,81,8
9180,0,-2000,-512,-20,78,8
9185,0,-2024,-480,-17,78,7
9190,0,-2008,-496,-11,78,7
9195,0,-2016,-488,-8,78,7
9200,0,-2008,-480,-5,77,8
9205,8,-1984,-472,-4,77,6
9210,24,-2008,-496,-3,76,8
9215,0,-1992,-464,-1,76,7
9220,24,-1992,-472,-2,74,5
9225,40,-1968,-416,-2,73,5
9230,8,-1992,-472,-4,73,5
9235,0,-1984,-480,-7,73,5
9240,0,-2000,-488,-9,72,7
9245,8,-2000,-488,-10,72,7
9250,0,-2032,-496,-11,70,6
9255,0,-2008,-480,-10,67,5
9260,0,-2000,-472,-9,65,3
9265,0,-2000,-496,-5,67,3
9270,0,-1992,-504,-3,66,4
9275,8,-1984,-512,-3,66,4
9280,24,-2016,-488,-5,69,5
9285,16,-1992,-496,-6,72,5
9290,16,-2008,-456,-4,73,5
9295,16,-2016,-488,-2,75,5
9300,24,-1984,-464,1,76,6
9305,8,-1992,-488,2,75,5
9310,8,-2008,-480,1,73,5
9315,0,-1984,-448,-3,72,3
9320,16,-2000,-456,-7,70,4
9325,0,-1992,-456,-9,71,2
9330,16,-2016,-496,-12,71,3
9335,16,-2024,-416,-13,74,4
9340,0,-2000,-440,-13,73,6
9345,24,-2016,-448,-12,75,5
9350,0,-2008,-464,-13,74,8
9355,0,-2032,-432,-14,74,9
9360,0,-2032,-464,-15,74,10
9365,0,-2008,-440,-16,73,12
9370,0,-1992,-464,-16,73,14
9375,-8,-1992,-432,-16,74,15
9380,0,-2008,-448,-17,74,15
9385,24,-2008,-464,-16,76,15
9390,0,-2000,-432,-14,78,14
9395,0,-2016,-432,-12,80,14
9400,8,-1992,-456,-9,78,12
9405,0,-2008,-456,-8,77,11
9410,0,-1984,-456,-7,77,9
9415,8,-2032,-456,-9,74,9
9420,0,-1992,-440,-10,72,7
9425,8,-1992,-480,-9,71,7
9430,0,-2008,-448,-9,69,5
9435,32,-2000,-472,-9,68,5
9440,8,-2016,-464,-7,67,4
9445,-16,-1992,-464,-6,67,3
9450,0,-1992,-472,-5,66,2
9455,8,-2008,-432,-3,64,0
9460,0,-2048,-440,-1,64,1
9465,-16,-2016,-448,-1,62,1
9470,-24,-2008,-448,2,60,0
9475,0,-2008,-448,3,59,0
9480,0,-2016,-464,4,56,-2
9485,-16,-2008,-440,2,54,0
9490,-8,-2008,-448,2,53,-3
9495,0,-1992,-464,0,50,-3
9500,0,-2024,-432,-2,48,-3
9505,-8,-2000,-480,-3,43,-3
9510,-24,-1984,-464,-2,40,-4
9515,0,-2000,-472,-1,36,-6
9520,0,-1984,-456,-2,34,-7
9525,-8,-2008,-472,-3,30,-8
9530,0,-1992,-448,-8,27,-10
9535,-24,-1992,-448,-10,25,-10
9540,8,-2016,-432,-10,23,-11
9545,-8,-2000,-456,-14,21,-11
9550,-8,-1984,-448,-13,18,-12
9555,0,-2024,-456,-15,17,-11
9560,0,-2016,-456,-17,18,-11
9565,0,-2000,-424,-19,16,-12
9570,-16,-2032,-456,-19,14,-9
9575,0,-2032,-456,-19,14,-8
9580,0,-2000,-448,-17,11,-7
9585,0,-2024,-448,-16,11,-6
9590,0,-2024,-480,-15,12,-7
9595,0,-2000,-448,-13,12,-8
9600,16,-2008,-448,-13,11,-8
9605,16,-2000,-456,-12,10,-9
9610,0,-2008,-440,-11,10,-12
9615,-8,-2000,-456,-13,9,-13
9620,-24,-2008,-424,-16,8,-13
9625,0,-2000,-464,-18,7,-14
9630,0,-2024,-456,-20,4,-15
9635,-8,-1984,-440,-23,3,-15
9640,-16,-2008,-448,-27,1,-15
9645,-16,-2008,-472,-30,-1,-14
9650,-8,-2016,-472,-31,-2,-13
9655,-16,-2016,-496,-33,-2,-13
9660,8,-2032,-472,-33,-3,-12
9665,-8,-2016,-456,-32,-4,-10
9670,-32,-2016,-464,-33,-8,-9
9675,0,-2016,-456,-31,-8,-10
9680,0,-2024,-464,-31,-10,-9
9685,0,-2032,-472,-28,-11,-8
9690,0,-2016,-456,-25,-12,-8
9695,0,-2008,-432,-22,-12,-8
9700,0,-2000,-464,-20,-13,-9
9705,0,-2008,-448,-18,-15,-9
9710,16,-2016,-488,-19,-16,-8
9715,8,-2008,-480,-19,-17,-8
9720,-8,-2000,-456,-21,-15,-8
9725,-16,-1992,-480,-23,-13,-10
9730,-8,-1984,-456,-24,-14,-9
9735,8,-2008,-440,-26,-16,-10
9740,0,-1992,-472,-26,-16,-10
9745,0,-2016,-448,-25,-16,-11
9750,8,-1992,-456,-26,-17,-11
9755,-16,-2008,-432,-26,-17,-11
9760,-32,-1992,-480,-28,-19,-11
9765,-8,-1984,-424,-29,-20,-11
9770,24,-1984,-384,-32,-20,-13
9775,0,-2000,-464,-33,-19,-11
9780,-16,-2008,-456,-32,-17,-11
9785,0,-1992,-464,-30,-16,-11
9790,8,-2024,-472,-29,-13,-11
9795,8,-2000,-464,-30,-12,-10
9800,0,-2008,-456,-29,-11,-11
9805,8,-1992,-464,-30,-10,-10
9810,8,-2016,-472,-30,-11,-8
9815,-8,-2016,-456,-32,-11,-8
9820,8,-2000,-456,-28,-11,-8
9825,0,-2008,-480,-27,-14,-7
9830,0,-2008,-456,-25,-15,-8
9835,0,-2008,-464,-24,-16,-9
9840,0,-2000,-464,-22,-17,-9
9845,8,-2008,-496,-23,-16,-8
9850,0,-2000,-480,-27,-15,-8
9855,0,-1992,-440,-31,-17,-10
9860,0,-2024,-480,-33,-17,-9
9865,0,-2008,-472,-36,-17,-9
9870,-16,-2032,-496,-37,-19,-6
9875,-32,-2056,-464,-37,-20,-7
9880,0,-2016,-472,-34,-20,-5
9885,-8,-2024,-472,-34,-20,-4
9890,0,-2016,-512,-33,-20,-4
9895,0,-2040,-528,-35,-22,-2
9900,0,-2024,-504,-35,-24,-1
9905,-16,-2008,-496,-35,-24,-1
9910,0,-2032,-512,-35,-26,-1
9915,0,-2000,-496,-34,-28,-2
9920,0,-2016,-504,-32,-31,-2
9925,-8,-2016,-480,-30,-32,-2
9930,-32,-2000,-480,-29,-36,-2
9935,-8,-2008,-544,-31,-39,-3
9940,-32,-2000,-520,-35,-40,-3
9945,-8,-2016,-472,-38,-43,-5
9950,-8,-1992,-520,-40,-44,-4
9955,-8,-2000,-496,-41,-46,-3
9960,-16,-2016,-496,-39,-48,-3
9965,0,-2008,-496,-36,-49,0
9970,-24,-1992,-528,-32,-54,1
9975,8,-1992,-544,-30,-56,3
9980,-32,-1936,-560,-28,-55,4
9985,24,-1984,-536,-27,-53,5
9990,0,-1992,-520,-25,-51,5
9995,0,-1984,-536,-27,-50,5
10000,0,-1976,-488,-29,-49,2
10005,8,-1984,-528,-32,-48,0
10010,0,-1984,-512,-34,-46,-1
10015,0,-1976,-504,-36,-44,-1
10020,16,-1984,-512,-37,-41,-3
10025,8,-1984,-504,-39,-42,-3
10030,0,-1984,-504,-40,-40,-3
10035,-8,-1968,-480,-40,-39,-3
10040,0,-1976,-496,-42,-38,-4
10045,0,-1984,-512,-44,-38,-3
10050,8,-1976,-488,-45,-36,-2
10055,0,-1984,-480,-46,-36,-2
10060,0,-1968,-520,-46,-35,-3
10065,0,-1968,-504,-44,-36,-2
10070,0,-1976,-552,-45,-34,-2
10075,-8,-1976,-488,-46,-35,-4
10080,0,-1984,-504,-48,-33,-6
10085,-8,-1984,-488,-49,-34,-8
10090,0,-1976,-520,-51,-32,-10
10095,0,-1976,-560,-51,-30,-11
10100,0,-1984,-520,-50,-28,-10
10105,0,-2000,-488,-49,-24,-11
10110,0,-2008,-496,-48,-22,-9
10115,-8,-2000,-512,-43,-21,-9
10120,8,-1984,-488,-39,-20,-8
10125,0,-1992,-528,-35,-17,-8
10130,0,-1984,-472,-33,-14,-5
10135,8,-1984,-528,-32,-13,-3
10140,8,-1992,-496,-31,-10,-3
10145,8,-2008,-504,-29,-6,-1
10150,0,-1984,-520,-29,-1,-3
10155,8,-2000,-504,-27,6,-4
10160,8,-1992,-464,-27,11,-5
10165,0,-1992,-496,-29,12,-7
10170,16,-1984,-520,-32,17,-10
10175,8,-2016,-496,-31,22,-12
10180,0,-1992,-520,-31,27,-15
10185,32,-1992,-520,-31,34,-17
10190,16,-2000,-504,-31,38,-19
10195,8,-1984,-504,-33,41,-20
10200,24,-2016,-488,-37,43,-23
10205,-8,-2008,-512,-39,41,-23
10210,0,-2024,-464,-39,40,-23
10215,0,-2008,-504,-38,39,-21
10220,8,-1992,-512,-36,39,-20
10225,0,-2000,-504,-36,38,-17
10230,-40,-1992,-512,-37,37,-15
10235,0,-1992,-512,-37,34,-13
10240,0,-2008,-528,-37,32,-12
10245,-24,-2008,-528,-37,31,-11
10250,0,-1992,-496,-36,29,-10
10255,-24,-2000,-520,-37,28,-10
10260,0,-1984,-520,-39,26,-9
10265,0,-1992,-488,-40,27,-10
10270,-8,-2000,-488,-43,28,-11
10275,0,-1992,-488,-45,28,-11
10280,0,-2000,-496,-45,30,-13
10285,0,-2008,-464,-43,32,-15
10290,0,-1992,-504,-43,37,-15
10295,24,-2008,-456,-43,41,-15
10300,8,-2016,-480,-43,43,-15
10305,16,-2008,-504,-44,46,-14
10310,32,-1992,-432,-46,48,-12
10315,0,-2016,-504,-46,49,-11
10320,8,-2016,-496,-44,51,-9
10325,8,-2016,-464,-39,51,-8
10330,8,-2032,-488,-35,50,-5
10335,0,-2032,-504,-28,52,-5
10340,8,-2016,-496,-21,53,-2
10345,8,-2008,-512,-17,57,-2
10350,0,-1984,-520,-16,58,-1
10355,-8,-2000,-520,-18,58,-2
10360,0,-1992,-520,-23,58,-3
10365,8,-2000,-504,-29,60,-4
10370,-16,-1984,-496,-33,62,-3
10375,0,-1984,-496,-34,63,-6
10380,0,-1992,-464,-32,66,-6
10385,-8,-1992,-512,-29,66,-7
10390,8,-1976,-504,-30,67,-7
10395,0,-2000,-520,-30,67,-8
10400,0,-2000,-536,-31,69,-8
10405,8,-1992,-528,-36,71,-9
10410,0,-2008,-504,-42,74,-9
10415,8,-2000,-520,-49,76,-6
10420,-88,-1976,-528,-54,79,-4
10425,0,-2016,-488,-56,80,0
10430,0,-2024,-512,-55,81,0
10435,-8,-2000,-504,-53,81,1
10440,16,-2040,-488,-52,80,2
10445,8,-2048,-528,-48,76,4
10450,0,-2016,-512,-47,74,3
10455,8,-2000,-536,-45,72,5
10460,0,-2000,-536,-46,69,4
10465,0,-1984,-504,-44,70,5
10470,8,-1992,-536,-42,70,4
10475,0,-1976,-552,-39,71,5
10480,0,-1992,-520,-38,71,4
10485,0,-1984,-504,-38,71,3
10490,0,-1992,-536,-40,71,1
10495,0,-1984,-536,-42,74,0
10500,0,-1984,-560,-47,74,0
10505,-32,-1984,-544,-52,75,-1
10510,0,-1976,-512,-59,77,0
10515,0,-1992,-536,-65,78,-1
10520,0,-2000,-528,-71,80,0
10525,8,-2000,-544,-75,78,1
10530,-16,-2000,-552,-75,77,4
10535,8,-2008,-560,-73,74,4
10540,0,-2008,-536,-69,71,3
10545,0,-1992,-544,-64,67,3
10550,-24,-1976,-568,-61,65,3
10555,-16,-1984,-552,-62,63,4
10560,-8,-1984,-528,-62,64,4
10565,-8,-1976,-504,-64,65,6
10570,-16,-2000,-544,-65,66,4
10575,0,-1984,-552,-64,66,4
10580,0,-1984,-568,-58,66,5
10585,8,-2008,-544,-54,67,4
10590,0,-1992,-544,-50,69,4
10595,-16,-1984,-536,-45,76,2
10600,8,-2000,-568,-45,79,2
10605,0,-1992,-552,-49,81,2
10610,0,-2000,-528,-54,86,1
10615,8,-1984,-560,-58,88,0
10620,16,-2000,-528,-61,91,2
10625,8,-2016,-536,-59,94,2
10630,16,-1992,-536,-58,94,1
10635,8,-1992,-488,-56,91,2
10640,48,-1968,-560,-53,89,1
10645,0,-2008,-552,-51,86,2
10650,-8,-2000,-520,-52,81,3
10655,0,-1984,-552,-51,76,3
10660,-24,-1984,-504,-50,72,2
10665,-32,-1984,-528,-47,69,-1
10670,-8,-1992,-552,-40,68,-1
10675,0,-1968,-560,-35,69,-3
10680,-24,-1968,-560,-36,71,-4
10685,0,-1984,-568,-39,73,-3
10690,8,-1992,-528,-44,79,-2
10695,0,-1976,-544,-49,83,-3
10700,8,-1984,-552,-54,86,0
10705,0,-2008,-504,-59,87,1
10710,0,-2016,-528,-61,87,2
10715,-8,-1992,-528,-63,86,1
10720,-8,-1992,-544,-63,88,3
10725,0,-2000,-568,-61,91,3
10730,0,-2008,-544,-60,94,3
10735,0,-2016,-560,-58,96,2
10740,0,-2000,-528,-56,97,1
10745,0,-2016,-544,-52,96,-1
10750,0,-2040,-536,-44,93,-2
10755,0,-2000,-552,-34,89,-3
10760,0,-2000,-536,-24,85,-4
10765,-16,-1984,-552,-14,83,-5
10770,8,-1976,-536,-9,81,-6
10775,0,-1992,-560,-7,80,-6
10780,0,-2000,-568,-6,77,-6
10785,0,-1976,-584,-7,77,-7
10790,-8,-1952,-584,-7,79,-8
10795,0,-1976,-568,-9,79,-5
10800,0,-1984,-544,-10,81,-4
10805,0,-1984,-552,-13,83,-4
10810,8,-1992,-560,-13,87,-4
10815,0,-1984,-560,-16,90,-3
10820,0,-1992,-568,-18,93,-2
10825,-24,-1984,-560,-17,96,-2
10830,-8,-2000,-560,-14,101,-2
10835,0,-1984,-536,-9,103,-2
10840,8,-2008,-528,-7,105,-2
10845,0,-1976,-528,-5,106,-2
10850,0,-1984,-536,-3,107,-2
10855,0,-2008,-528,-2,107,-1
10860,0,-2000,-528,0,109,0
10865,0,-2008,-544,3,111,-1
10870,-8,-1976,-544,3,114,0
10875,16,-1984,-520,4,118,0
10880,0,-2000,-552,4,119,2
10885,8,-2008,-552,4,121,1
10890,-8,-1984,-544,5,121,4
10895,-8,-1992,-560,8,120,4
10900,0,-2000,-552,9,119,4
10905,0,-1992,-560,10,120,4
10910,-24,-1984,-560,10,120,5
10915,-16,-1968,-560,8,117,5
10920,-8,-1976,-552,6,114,3
10925,0,-2008,-544,3,112,3
10930,-32,-1984,-552,3,112,3
10935,-32,-1976,-568,3,112,4
10940,-8,-1984,-536,5,113,2
10945,-48,-1984,-528,7,112,1
10950,-16,-2000,-536,8,113,1
10955,-32,-2000,-536,8,113,1
10960,-16,-1984,-552,6,112,0
10965,-24,-2008,-552,4,111,1
10970,-16,-1984,-552,2,110,1
10975,-8,-1984,-512,2,110,1
10980,0,-2000,-544,3,109,1
10985,0,-1992,-552,4,109,2
10990,0,-2008,-536,5,108,2
10995,0,-2000,-544,8,108,2
11000,0,-2000,-536,9,109,1
11005,-16,-2016,-528,9,107,3
11010,0,-2008,-536,11,106,3
11015,0,-2000,-536,11,105,3
11020,0,-2008,-520,14,106,2
11025,8,-2016,-520,16,107,1
11030,0,-2000,-536,19,107,2
11035,-24,-2000,-544,21,106,1
11040,-16,-1992,-544,24,106,2
11045,0,-2000,-536,24,107,2
11050,0,-2000,-560,27,106,1
11055,-16,-2000,-552,27,108,1
11060,16,-1976,-504,28,109,-1
11065,0,-1992,-528,27,113,0
11070,0,-1992,-552,26,116,-1
11075,0,-2000,-520,25,118,0
11080,0,-2000,-536,24,117,-1
11085,-8,-2008,-528,22,115,1
11090,0,-1984,-544,22,115,0
11095,0,-1984,-504,21,116,1
11100,-16,-1992,-528,19,116,3
11105,0,-2016,-520,18,114,4
11110,0,-1992,-536,19,112,3
11115,0,-1984,-528,20,113,2
11120,-8,-2024,-552,20,110,4
11125,-16,-1992,-512,21,109,5
11130,8,-2008,-504,23,110,4
11135,0,-1992,-520,24,112,4
11140,-8,-1984,-552,24,113,4
11145,-8,-1992,-552,26,118,5
11150,0,-1984,-536,24,122,4
11155,0,-1992,-552,20,125,4
11160,8,-1968,-528,17,127,3
11165,8,-2008,-536,18,129,2
11170,0,-1984,-496,20,131,2
11175,0,-2016,-528,24,131,0
11180,-16,-2000,-520,28,130,-2
11185,8,-1944,-496,31,128,-1
11190,0,-2000,-504,34,130,1
11195,8,-2008,-512,34,131,0
11200,-16,-2016,-512,37,130,0
11205,8,-2024,-512,38,131,1
11210,0,-2000,-536,38,132,2
11215,16,-2000,-536,37,134,3
11220,0,-1992,-552,36,139,7
11225,-16,-1976,-536,35,141,8
11230,0,-2008,-520,35,143,8
11235,0,-1976,-544,34,145,9
11240,0,-2016,-504,36,145,9
11245,0,-2000,-520,41,145,10
11250,16,-1992,-536,48,145,9
11255,0,-1984,-504,51,146,8
11260,8,-1992,-504,52,148,7
11265,-16,-2000,-488,50,149,4
11270,0,-1984,-480,47,147,4
11275,16,-2008,-480,43,148,3
11280,-16,-2008,-488,40,149,2
11285,8,-2008,-472,37,148,2
11290,24,-2008,-504,36,147,1
11295,16,-2016,-480,37,148,1
11300,-8,-2024,-488,38,149,2
11305,0,-2024,-488,41,149,2
11310,8,-1984,-512,41,151,2
11315,0,-1992,-520,42,151,2
11320,16,-2016,-520,45,150,3
11325,8,-1992,-520,46,152,2
11330,8,-2000,-496,47,155,2
11335,8,-1992,-504,50,157,1
11340,0,-1984,-472,50,160,0
11345,24,-2000,-504,49,161,-1
11350,0,-2008,-504,46,161,-1
11355,8,-2000,-488,43,159,-2
11360,0,-2016,-488,41,155,-3
11365,-8,-2008,-496,41,152,-4
11370,0,-2032,-464,43,147,-3
11375,0,-2016,-480,47,147,-3
11380,8,-2032,-504,52,145,-4
11385,0,-2008,-504,54,142,-2
11390,-8,-1984,-504,55,141,-1
11395,24,-2008,-520,56,143,1
11400,0,-1936,-448,57,145,2
11405,0,-2000,-488,59,145,6
11410,0,-1992,-504,60,143,7
11415,8,-1992,-496,59,141,9
11420,0,-2000,-496,57,139,7
11425,8,-2000,-488,54,136,8
11430,8,-1984,-488,52,135,8
11435,-8,-1984,-472,50,136,10
11440,8,-1984,-480,48,136,10
11445,0,-2000,-456,46,137,10
11450,16,-1992,-464,45,138,9
11455,0,-2016,-504,42,138,9
11460,0,-1984,-480,41,137,9
11465,0,-2016,-456,40,137,10
11470,8,-2008,-472,38,136,10
11475,-24,-1992,-440,36,133,11
11480,8,-2008,-472,36,131,11
11485,0,-1992,-472,35,129,12
11490,-8,-2008,-488,38,127,11
11495,0,-2008,-464,39,123,12
11500,0,-2016,-488,37,120,13
11505,8,-2016,-480,36,119,14
11510,8,-2008,-496,33,116,14
11515,8,-2016,-480,30,117,13
11520,0,-1992,-488,28,117,13
11525,0,-2000,-464,27,118,13
11530,8,-2016,-480,28,119,13
11535,8,-2016,-512,29,123,11
11540,0,-1992,-480,32,125,12
11545,8,-2000,-472,36,129,12
11550,0,-2016,-496,40,130,12
11555,16,-2000,-432,43,132,10
11560,8,-2008,-440,44,133,9
11565,8,-2000,-472,45,133,8
11570,16,-1992,-464,43,132,8
11575,0,-2000,-480,40,132,8
11580,8,-1984,-456,39,134,6
11585,24,-2016,-480,38,130,6
11590,0,-1992,-448,38,131,6
11595,16,-2008,-456,39,130,5
11600,24,-2016,-456,40,131,5
11605,0,-2008,-472,41,131,4
11610,8,-2000,-464,41,130,4
11615,0,-1984,-456,40,129,4
11620,8,-2024,-472,38,126,5
11625,0,-2008,-456,37,124,5
11630,8,-2000,-488,35,124,7
11635,0,-2008,-464,34,120,8
11640,-16,-2000,-456,35,118,8
11645,24,-2000,-456,36,116,8
11650,0,-2024,-464,35,114,9
11655,0,-2000,-440,34,113,8
11660,0,-2000,-456,31,111,7
11665,0,-2008,-432,28,109,9
11670,0,-2000,-440,24,109,10
11675,0,-2000,-424,18,109,10
11680,0,-2000,-480,15,108,8
11685,0,-2008,-472,13,107,8
11690,-8,-2008,-456,13,105,9
11695,-8,-2016,-456,13,102,10
11700,-16,-2008,-448,13,99,10
11705,0,-1984,-448,16,98,9
11710,0,-1992,-464,17,91,8
11715,-24,-2000,-472,15,89,7
11720,-8,-2000,-456,13,86,8
11725,-8,-2008,-464,11,83,6
11730,-40,-1992,-488,8,81,6
11735,-16,-2000,-448,5,81,3
11740,-8,-2024,-464,3,79,5
11745,-32,-2000,-456,2,76,4
11750,-16,-2000,-480,3,76,4
11755,-16,-2000,-472,5,76,4
11760,0,-2008,-456,4,76,4
11765,0,-2016,-480,5,75,4
11770,-32,-2008,-448,4,76,4
11775,-16,-2000,-488,2,74,4
11780,48,-2000,-456,0,74,4
11785,0,-2008,-456,0,72,3
11790,0,-2016,-448,0,70,4
11795,0,-2016,-464,3,67,5
11800,-8,-2008,-448,3,66,5
11805,0,-2040,-440,4,65,5
11810,8,-1984,-472,3,66,7
11815,0,-2008,-448,2,67,6
11820,-8,-2024,-472,0,68,6
11825,0,-2016,-456,0,68,8
11830,0,-2008,-440,0,67,8
11835,-8,-2024,-416,2,66,8
11840,-16,-2000,-432,2,66,7
11845,0,-2008,-448,5,65,8
11850,0,-2000,-488,7,64,6
11855,8,-2008,-480,6,64,7
11860,8,-2000,-464,5,67,6
11865,0,-2008,-440,4,68,6
11870,0,-2000,-424,4,69,6
11875,0,-2008,-432,2,70,8
11880,0,-2008,-432,3,69,7
11885,0,-2024,-400,5,68,6
11890,-8,-2000,-440,7,67,7
11895,-8,-1992,-432,9,67,7
11900,0,-2016,-440,12,67,6
11905,0,-1984,-432,12,67,6
11910,8,-2016,-432,12,66,5
11915,0,-1992,-432,10,67,5
11920,0,-2000,-464,6,68,5
11925,0,-2016,-440,2,68,4
11930,-8,-1992,-424,-1,67,4
11935,0,-2000,-440,-3,67,2
11940,0,-2024,-424,-6,66,1
11945,-8,-1976,-440,-6,66,0
11950,0,-1992,-448,-4,65,0
11955,-8,-2008,-424,-4,64,-2
11960,0,-2016,-448,-1,62,-1
11965,0,-1992,-424,1,62,-2
11970,-16,-2000,-440,2,60,-2
11975,0,-1984,-432,1,59,-4
11980,0,-1992,-400,0,58,-4
11985,0,-1992,-432,-1,56,-5
11990,-16,-2000,-440,-1,56,-6
11995,-16,-2032,-432,-2,53,-7
